2462c37febc4eddd2f900b7660450e50f71c5582371b9f6d9eb88f65c20fdb74,800851,513,"HTML document header"
e00d705ae96603917e01d2e11d3823b9208c68d9142a84e5feda194a426e8076,800851,516,"HTML document footer"
e00d705ae96603917e01d2e11d3823b9208c68d9142a84e5feda194a426e8076,800851,516,"HTML document header"
8fff9d386f4334c0b9605c46bc28ffa442e5575a26729d177bc950ef4b23ac78,800851,517,"HTML document footer"
8fff9d386f4334c0b9605c46bc28ffa442e5575a26729d177bc950ef4b23ac78,800851,517,"HTML document header"
870590e741196cf418f080da7f38f41c1cfa4552039dedb9cec4109cc223cb78,800851,515,"HTML document footer"
870590e741196cf418f080da7f38f41c1cfa4552039dedb9cec4109cc223cb78,800851,515,"HTML document header"
c45641854bfb8c45998333341798c030f4aa3919fdea94eba1053c52d360e878,800851,517,"HTML document footer"
c45641854bfb8c45998333341798c030f4aa3919fdea94eba1053c52d360e878,800851,517,"HTML document header"
f3413533ca0965b1d440b256dfaf582f016f513ac4f9b132fbcabaed96af2279,800851,515,"HTML document footer"
f3413533ca0965b1d440b256dfaf582f016f513ac4f9b132fbcabaed96af2279,800851,515,"HTML document header"
ec5399a88cf92b185002ef7dab906089c99d5d4bf9f4e155b4a6ddc6c89bf879,800851,517,"HTML document footer"
ec5399a88cf92b185002ef7dab906089c99d5d4bf9f4e155b4a6ddc6c89bf879,800851,517,"HTML document header"
e649e0f3edba6ffc0c8ab783e6f0f93a40fd8af09f8ec41e05e8b3c60236867d,800851,515,"HTML document footer"
e649e0f3edba6ffc0c8ab783e6f0f93a40fd8af09f8ec41e05e8b3c60236867d,800851,515,"HTML document header"
8d57cb8aae1721cf95a79e3f6581360256f2846426b6d3ad90049e0a5360817e,800851,517,"HTML document footer"
8d57cb8aae1721cf95a79e3f6581360256f2846426b6d3ad90049e0a5360817e,800851,517,"HTML document header"
544ca36eebd4246b9c3db28032abfa7eabd3fda0e4b673bc0868e33e1aaec280,800851,514,"HTML document footer"
544ca36eebd4246b9c3db28032abfa7eabd3fda0e4b673bc0868e33e1aaec280,800851,514,"HTML document header"
8fa5d6c6893766c4281a21e553a3b1dde8e04d280cd23aa7476408fc5872ac82,800851,513,"HTML document footer"
8fa5d6c6893766c4281a21e553a3b1dde8e04d280cd23aa7476408fc5872ac82,800851,513,"HTML document header"
d232f6b8461b388184d3bfaf29b3aea4427b2f8d4704cbb20a58d3b7733e0d83,800851,513,"HTML document footer"
d232f6b8461b388184d3bfaf29b3aea4427b2f8d4704cbb20a58d3b7733e0d83,800851,513,"HTML document header"
366398af27a294c0ce1d4cdd904d6eaabd385ffc5dfc482184f084e26e5fde83,800851,514,"HTML document footer"
366398af27a294c0ce1d4cdd904d6eaabd385ffc5dfc482184f084e26e5fde83,800851,514,"HTML document header"
c6fe73c4dc28e07df0a9f295ff1f1742a95f1080e084704663a5a5bd40fb3a85,800851,516,"HTML document footer"
c6fe73c4dc28e07df0a9f295ff1f1742a95f1080e084704663a5a5bd40fb3a85,800851,516,"HTML document header"
2e6c41e207f71afec22f7ea69b6e2b884edb2234aa11f4ad7a3fff2ef26dbf85,800851,515,"HTML document footer"
2e6c41e207f71afec22f7ea69b6e2b884edb2234aa11f4ad7a3fff2ef26dbf85,800851,515,"HTML document header"
e1b693a44290050cc75f3724aad382c353ee640abb52c9d29ed1f61f8ceefa85,800851,517,"HTML document footer"
e1b693a44290050cc75f3724aad382c353ee640abb52c9d29ed1f61f8ceefa85,800851,517,"HTML document header"
2dcd4f822b680c254d8d6f889328a1c535e7de8b29aa3b8ad06fe3e2a6b85486,800851,517,"HTML document footer"
2dcd4f822b680c254d8d6f889328a1c535e7de8b29aa3b8ad06fe3e2a6b85486,800851,517,"HTML document header"
c0ca0d61f2c6a1a9dcd4ead603190060ee7034cf5be86384d59c8a755bdb8b87,800851,516,"HTML document footer"
c0ca0d61f2c6a1a9dcd4ead603190060ee7034cf5be86384d59c8a755bdb8b87,800851,516,"HTML document header"
73425b781748aec34948fc596ea7202b16cc81d53cb9c4d229867289d1114f8a,800851,514,"HTML document footer"
73425b781748aec34948fc596ea7202b16cc81d53cb9c4d229867289d1114f8a,800851,514,"HTML document header"
4146aadcc7cb623b539b983aa7204f0413fb388a8223ddb0af0db03b66ecc88a,800851,516,"HTML document footer"
4146aadcc7cb623b539b983aa7204f0413fb388a8223ddb0af0db03b66ecc88a,800851,516,"HTML document header"
729d34c862d97ccafbc4472f1d3cf218deb0bad045c03a5af88695eeaaff328b,800851,514,"HTML document footer"
729d34c862d97ccafbc4472f1d3cf218deb0bad045c03a5af88695eeaaff328b,800851,514,"HTML document header"
997f7de865c31bf9c0c5fb873cf8d0400ee025aef183ee5fff91a978ad3ec78b,800851,503,"HTML document footer"
997f7de865c31bf9c0c5fb873cf8d0400ee025aef183ee5fff91a978ad3ec78b,800851,503,"HTML document header"
b1fea1960786db5fc3cff44220974d952417d13d20d2931dcd1cd4297c0f768d,800851,517,"HTML document footer"
b1fea1960786db5fc3cff44220974d952417d13d20d2931dcd1cd4297c0f768d,800851,517,"HTML document header"
82ff9877df46b09e24bb2ea8c9ca06dd6862f102c7170cb257f81ce3c611c18d,800851,515,"HTML document footer"
82ff9877df46b09e24bb2ea8c9ca06dd6862f102c7170cb257f81ce3c611c18d,800851,515,"HTML document header"
8237d72867ec87093d5e770b4c6964672c89160333cb3e87a1a9213150d8b990,800851,514,"HTML document footer"
8237d72867ec87093d5e770b4c6964672c89160333cb3e87a1a9213150d8b990,800851,514,"HTML document header"
26a16aa67a413fbc094630f0406872c52b07ecd70851734212b931dd375de792,800851,515,"HTML document footer"
26a16aa67a413fbc094630f0406872c52b07ecd70851734212b931dd375de792,800851,515,"HTML document header"
217ee4cc7a35b9e681648bbd860e1818e584e9672975cfcbc88b334ae9676093,800851,516,"HTML document footer"
217ee4cc7a35b9e681648bbd860e1818e584e9672975cfcbc88b334ae9676093,800851,516,"HTML document header"
d1e7091887c75cf9e04fbc681ba3c3808b65abc5ee8c026045b00c0b8f64dd93,800851,514,"HTML document footer"
d1e7091887c75cf9e04fbc681ba3c3808b65abc5ee8c026045b00c0b8f64dd93,800851,514,"HTML document header"
17b123b8594367754053d2059879f902ffd4eb38b3bb8dc8f7a94015a30f9d95,800851,514,"HTML document footer"
17b123b8594367754053d2059879f902ffd4eb38b3bb8dc8f7a94015a30f9d95,800851,514,"HTML document header"
9934a0d343d41f5d50fd7228bbbeaae24553efd821fd1ff696b27620fc43c395,800851,512,"HTML document footer"
9934a0d343d41f5d50fd7228bbbeaae24553efd821fd1ff696b27620fc43c395,800851,512,"HTML document header"
cc5ed02cce4e90c3d0ba81d382fb65024fe2a802f37acec667ad0cf119271996,800851,512,"HTML document footer"
cc5ed02cce4e90c3d0ba81d382fb65024fe2a802f37acec667ad0cf119271996,800851,512,"HTML document header"
94f2b0a99db3557d8c6cd5420819a2c456106fbeed3804a1793376822375a396,800851,512,"HTML document footer"
94f2b0a99db3557d8c6cd5420819a2c456106fbeed3804a1793376822375a396,800851,512,"HTML document header"
4b4f3c67dd77b4a1d179d2710a73b4746e22928907b84dcbaada5170a1191f97,800851,515,"HTML document footer"
4b4f3c67dd77b4a1d179d2710a73b4746e22928907b84dcbaada5170a1191f97,800851,515,"HTML document header"
59e0d386ab2be710a5e5c7959b61ec23d113a3da672d028d083bfb940fd3af98,800851,516,"HTML document footer"
59e0d386ab2be710a5e5c7959b61ec23d113a3da672d028d083bfb940fd3af98,800851,516,"HTML document header"
f2f61d55d3d46941acae898daed7fc04276ee20bc544125b403ad5b6953b0599,800851,504,"HTML document footer"
f2f61d55d3d46941acae898daed7fc04276ee20bc544125b403ad5b6953b0599,800851,504,"HTML document header"
1578e201ff835e0a415513da1ddc6cef566d53187ef46ba724df649b2306d999,800851,516,"HTML document footer"
1578e201ff835e0a415513da1ddc6cef566d53187ef46ba724df649b2306d999,800851,516,"HTML document header"
e9e7f36aed6957fcc80e89572a98b3ea5bd6d9ab3024a88d880819e24411e69a,800851,519,"HTML document footer"
e9e7f36aed6957fcc80e89572a98b3ea5bd6d9ab3024a88d880819e24411e69a,800851,519,"HTML document header"
273ecd056343e3a9bdce0347a285d8f64911c9eb2c0315f1cc2df771b061259d,800851,515,"HTML document footer"
273ecd056343e3a9bdce0347a285d8f64911c9eb2c0315f1cc2df771b061259d,800851,515,"HTML document header"
87deac5ab8844ba86fdc1c72807c527585289596f5e45c10a8c2ab88fc83799d,800851,515,"HTML document footer"
87deac5ab8844ba86fdc1c72807c527585289596f5e45c10a8c2ab88fc83799d,800851,515,"HTML document header"
f618dcf9d2ece847f84e166b0e81f182fdc56e73169cead5a11b9ebbe146349e,800851,517,"HTML document footer"
f618dcf9d2ece847f84e166b0e81f182fdc56e73169cead5a11b9ebbe146349e,800851,517,"HTML document header"
4c508d84d3159b74ea3d7197c4136932e43efffd60824b269d12f7478e8fe69e,800851,516,"HTML document footer"
4c508d84d3159b74ea3d7197c4136932e43efffd60824b269d12f7478e8fe69e,800851,516,"HTML document header"
8215584bdb11e462550c0020b168b63639bdbef0556ecfe2b728b9ae3288369f,800851,513,"HTML document footer"
8215584bdb11e462550c0020b168b63639bdbef0556ecfe2b728b9ae3288369f,800851,513,"HTML document header"
337e8e0c0aaba585204b0044e192905a4a03895d30ed9f44d5c8aa0828dff49f,800851,515,"HTML document footer"
337e8e0c0aaba585204b0044e192905a4a03895d30ed9f44d5c8aa0828dff49f,800851,515,"HTML document header"
63645343c098371f4bb9893715bf233a57f6f226605272720a563be18ed814a0,800851,514,"HTML document footer"
63645343c098371f4bb9893715bf233a57f6f226605272720a563be18ed814a0,800851,514,"HTML document header"
eee6b916eef7acd38fd8205287052f241c33285b233dadf398747cf58ae7c2a0,800851,516,"HTML document footer"
eee6b916eef7acd38fd8205287052f241c33285b233dadf398747cf58ae7c2a0,800851,516,"HTML document header"
9c36e8f8775717bb72d4e254322ad47227ff0b1741daac5a81554364311d5ba1,800851,515,"HTML document footer"
9c36e8f8775717bb72d4e254322ad47227ff0b1741daac5a81554364311d5ba1,800851,515,"HTML document header"
3728df22ca47cba962e3b4844283c1ef5671b7e9504423e2284f45ee6a07c9a1,800851,517,"HTML document footer"
3728df22ca47cba962e3b4844283c1ef5671b7e9504423e2284f45ee6a07c9a1,800851,517,"HTML document header"
adb1d4538da2f0384c37a70a6c19adfe624bdea81cfc0421160fdc2c957cd3a2,800851,516,"HTML document footer"
adb1d4538da2f0384c37a70a6c19adfe624bdea81cfc0421160fdc2c957cd3a2,800851,516,"HTML document header"
9068bda4b8ea550c4ce4cf523a9027f8fa9e7ca99cf9a00ec2be32806133d1a4,800851,516,"HTML document footer"
9068bda4b8ea550c4ce4cf523a9027f8fa9e7ca99cf9a00ec2be32806133d1a4,800851,516,"HTML document header"
da4a40791bbdf2b427e98b75ee66286c190f9196526acae830b41bcc6abc42a5,800851,503,"HTML document footer"
da4a40791bbdf2b427e98b75ee66286c190f9196526acae830b41bcc6abc42a5,800851,503,"HTML document header"
c79effdc17e5f176013de91fff65f7e38c9da124fdb716f611800e92823f4ba5,800851,516,"HTML document footer"
c79effdc17e5f176013de91fff65f7e38c9da124fdb716f611800e92823f4ba5,800851,516,"HTML document header"
0b97e165e2d70325b41495a938f60bc8a3adeb99436875c9018d2d76598203a6,800851,516,"HTML document footer"
0b97e165e2d70325b41495a938f60bc8a3adeb99436875c9018d2d76598203a6,800851,516,"HTML document header"
dbd872ee82e6a8f99d8921cdeb408c752db24ce8baa0f4ebe2e97ccbde92d5a6,800851,513,"HTML document footer"
dbd872ee82e6a8f99d8921cdeb408c752db24ce8baa0f4ebe2e97ccbde92d5a6,800851,513,"HTML document header"
7d12eda875b30728af45b114b94145ee22f159d91336747b3d93e7e650b643a8,800851,513,"HTML document footer"
7d12eda875b30728af45b114b94145ee22f159d91336747b3d93e7e650b643a8,800851,513,"HTML document header"
e53acd344c14cc6da5994fac8b963502dd43b34e420b1ab8216f7e59be2028aa,800851,512,"HTML document footer"
e53acd344c14cc6da5994fac8b963502dd43b34e420b1ab8216f7e59be2028aa,800851,512,"HTML document header"
e9d76ce9a039fb0eb76ecb048f618537926c36c93e6a04cb7b8937ddeaba33aa,800851,514,"HTML document footer"
e9d76ce9a039fb0eb76ecb048f618537926c36c93e6a04cb7b8937ddeaba33aa,800851,514,"HTML document header"
cda69ad11b2033b20b8e7a9f24b3381060263eb8eaf764b848d3d4cc905f6dac,800851,514,"HTML document footer"
cda69ad11b2033b20b8e7a9f24b3381060263eb8eaf764b848d3d4cc905f6dac,800851,514,"HTML document header"
0875580f3edec2c9094c82961de926d7aef747fdb515fc2a5b00f399c99805af,800851,503,"HTML document footer"
0875580f3edec2c9094c82961de926d7aef747fdb515fc2a5b00f399c99805af,800851,503,"HTML document header"
ee12c45a435972791b86f1d1e84ba57ddb580876f511495575c9c5aa0a36f7af,800851,516,"HTML document footer"
ee12c45a435972791b86f1d1e84ba57ddb580876f511495575c9c5aa0a36f7af,800851,516,"HTML document header"
6c367cfb53bfb4d727e03e6edeec32a84a2e0cfbd6483ef191ad2058f585f0b1,800851,515,"HTML document footer"
6c367cfb53bfb4d727e03e6edeec32a84a2e0cfbd6483ef191ad2058f585f0b1,800851,515,"HTML document header"
b1c2cdac02ff2b7951a2584455f70515330d0b7d3c93edd82f5ebcba24a10fb2,800851,517,"HTML document footer"
b1c2cdac02ff2b7951a2584455f70515330d0b7d3c93edd82f5ebcba24a10fb2,800851,517,"HTML document header"
3f263df3261f5137936ab1bd1af5fcdd4d6e7a07f715c20d12602288526e06b4,800851,515,"HTML document footer"
3f263df3261f5137936ab1bd1af5fcdd4d6e7a07f715c20d12602288526e06b4,800851,515,"HTML document header"
6f08c9dd85800e5cfcb2a9799307314d0525b8cfccf3dae35cbef9e47b6208b5,800851,516,"HTML document footer"
6f08c9dd85800e5cfcb2a9799307314d0525b8cfccf3dae35cbef9e47b6208b5,800851,516,"HTML document header"
cae52c8a24aa607a3f47796cc56443d26153f625b1186a2a0feec598c23915b5,800851,516,"HTML document footer"
cae52c8a24aa607a3f47796cc56443d26153f625b1186a2a0feec598c23915b5,800851,516,"HTML document header"
1e5dac9a25b09349805bd13fdf01bd9ce80d4385dc2149b4fddaaff92646b7b6,800851,513,"HTML document footer"
1e5dac9a25b09349805bd13fdf01bd9ce80d4385dc2149b4fddaaff92646b7b6,800851,513,"HTML document header"
d8f441c44c8573dfa043d39c5f6b159f10ad28ae38561d30be50ac4eced4c3b6,800851,516,"HTML document footer"
d8f441c44c8573dfa043d39c5f6b159f10ad28ae38561d30be50ac4eced4c3b6,800851,516,"HTML document header"
d54662881cebf94a85cfc8f4ac48b5408dc8fdb3a5dcbfcfa54bb771c0711fb7,800851,516,"HTML document footer"
d54662881cebf94a85cfc8f4ac48b5408dc8fdb3a5dcbfcfa54bb771c0711fb7,800851,516,"HTML document header"
24ad2f5ee80be7af5b4110dcf393402513493560b0ddca0d84364286a86b30b8,800851,515,"HTML document footer"
24ad2f5ee80be7af5b4110dcf393402513493560b0ddca0d84364286a86b30b8,800851,515,"HTML document header"
5f52c5ad31b4cf1ff44ff1e11cf476fe642d4d7afa94ea1544d2bcbf25bb33b8,800851,516,"HTML document footer"
5f52c5ad31b4cf1ff44ff1e11cf476fe642d4d7afa94ea1544d2bcbf25bb33b8,800851,516,"HTML document header"
a86100b2abf20fc5e48d80e96b85104ad4e19301f71e31e80a11754f2a50fbb8,800851,515,"HTML document footer"
a86100b2abf20fc5e48d80e96b85104ad4e19301f71e31e80a11754f2a50fbb8,800851,515,"HTML document header"
2329f3ac1291ec9f709e306db7f2770719dda4f55c701452111d894c0d8475ba,800851,513,"HTML document footer"
2329f3ac1291ec9f709e306db7f2770719dda4f55c701452111d894c0d8475ba,800851,513,"HTML document header"
1f02a0920515318b95afff4407f7b8ec72a504dbaac16f2c05d417b69ed93fbc,800851,517,"HTML document footer"
1f02a0920515318b95afff4407f7b8ec72a504dbaac16f2c05d417b69ed93fbc,800851,517,"HTML document header"
2250b1781c579fdba709da9410c345795e3a6e57a6ed384c4e83fe2fb1bfa2bc,800851,515,"HTML document footer"
2250b1781c579fdba709da9410c345795e3a6e57a6ed384c4e83fe2fb1bfa2bc,800851,515,"HTML document header"
6fa91235323c648138cc22e3ddcd10201f79c79125d8762f3289456de7cae6be,800851,510,"HTML document footer"
6fa91235323c648138cc22e3ddcd10201f79c79125d8762f3289456de7cae6be,800851,510,"HTML document header"
ba9a83f7a249157d520833d92bbf5028b4722bf69ed99669e2cf27642915b9bf,800851,503,"HTML document footer"
ba9a83f7a249157d520833d92bbf5028b4722bf69ed99669e2cf27642915b9bf,800851,503,"HTML document header"
96875c7912a3bb79eee1b8e7349f8dd97183d3197278fbc8ebb96e22a488d0bf,800851,514,"HTML document footer"
96875c7912a3bb79eee1b8e7349f8dd97183d3197278fbc8ebb96e22a488d0bf,800851,514,"HTML document header"
26c0807c0e4e905a81ce4b4892272af5b1166e4bc43f4da8f325e65c4c76fbbf,800851,516,"HTML document footer"
26c0807c0e4e905a81ce4b4892272af5b1166e4bc43f4da8f325e65c4c76fbbf,800851,516,"HTML document header"
7b3c6f6ae6bbc94ca821292af76622a7199d967ba6dc3c0bfec664be928140c0,800851,519,"HTML document footer"
7b3c6f6ae6bbc94ca821292af76622a7199d967ba6dc3c0bfec664be928140c0,800851,519,"HTML document header"
9cad69022b32aad5743a06df70e75cd901fb6d9c9bd56329fa09ae0b1743d2c0,800851,516,"HTML document footer"
9cad69022b32aad5743a06df70e75cd901fb6d9c9bd56329fa09ae0b1743d2c0,800851,516,"HTML document header"
fe535debd6db4ba1a90b88a27d2603a5cb36bf9404974bd9f7d6d99ac5d1e0c2,800851,514,"HTML document footer"
fe535debd6db4ba1a90b88a27d2603a5cb36bf9404974bd9f7d6d99ac5d1e0c2,800851,514,"HTML document header"
7d32369fc6f8e86476b899e383cd9656cb1fb7adadcf5b22e67f1412570d1dc3,800851,504,"HTML document footer"
7d32369fc6f8e86476b899e383cd9656cb1fb7adadcf5b22e67f1412570d1dc3,800851,504,"HTML document header"
49c36ebfcbb609f620ffbd97f22280b42cea3514fd941ef9ef5abf50214264c7,800851,516,"HTML document footer"
49c36ebfcbb609f620ffbd97f22280b42cea3514fd941ef9ef5abf50214264c7,800851,516,"HTML document header"
59cd20c036e32175f0e452e2131de204a062128a0573a48ac7135919da3ae9c8,800851,516,"HTML document footer"
59cd20c036e32175f0e452e2131de204a062128a0573a48ac7135919da3ae9c8,800851,516,"HTML document header"
314e7c2513a293dcd9ffe74c2e7c14bc6e8748c2370ee3f29537d0b9a55492c9,800851,514,"HTML document footer"
314e7c2513a293dcd9ffe74c2e7c14bc6e8748c2370ee3f29537d0b9a55492c9,800851,514,"HTML document header"
db2765e85c65d2c478872f34701f8fe4e3f3089ee3402aaa8054178e24aaa0c9,800851,516,"HTML document footer"
db2765e85c65d2c478872f34701f8fe4e3f3089ee3402aaa8054178e24aaa0c9,800851,516,"HTML document header"
2aae0295be02197d26b3031deb1dc5f32a2cb67022f11bd0d3ec6c7f1cf34acb,800851,516,"HTML document footer"
2aae0295be02197d26b3031deb1dc5f32a2cb67022f11bd0d3ec6c7f1cf34acb,800851,516,"HTML document header"
290bfaf33f42fb96c438f5250daacde7a1ea2ddd060185ac17606fecd10996cb,800851,517,"HTML document footer"
290bfaf33f42fb96c438f5250daacde7a1ea2ddd060185ac17606fecd10996cb,800851,517,"HTML document header"
fc11dc2b953435b577da887fd59ed0ba80fab50246f8f66af93b8f08f8a66dcc,800851,515,"HTML document footer"
fc11dc2b953435b577da887fd59ed0ba80fab50246f8f66af93b8f08f8a66dcc,800851,515,"HTML document header"
33cdbf99edfdd86115951a2324fc7ed5cd4bdbae9e307caf7d3400c0f72a07cd,800851,516,"HTML document footer"
33cdbf99edfdd86115951a2324fc7ed5cd4bdbae9e307caf7d3400c0f72a07cd,800851,516,"HTML document header"
9c047b94bbb87b2ac979a1718de69ec366412c4469c2a5aa06670cd08dbc5fd1,800851,513,"HTML document footer"
9c047b94bbb87b2ac979a1718de69ec366412c4469c2a5aa06670cd08dbc5fd1,800851,513,"HTML document header"
b45acc1e34edaa1f2003d149c88484356216d673e8f0194a5f0f3a46bfed86d1,800851,516,"HTML document footer"
b45acc1e34edaa1f2003d149c88484356216d673e8f0194a5f0f3a46bfed86d1,800851,516,"HTML document header"
de15d377646d0c2754557dd1138a1e23b4c8f51855842e091f08f15c1d5413d2,800851,516,"HTML document footer"
de15d377646d0c2754557dd1138a1e23b4c8f51855842e091f08f15c1d5413d2,800851,516,"HTML document header"
3535693d6f4f6e6267d2ce7c9bb498861b0728d69f133feb96aed1fae7f5c7d3,800851,516,"HTML document footer"
3535693d6f4f6e6267d2ce7c9bb498861b0728d69f133feb96aed1fae7f5c7d3,800851,516,"HTML document header"
cc5234680897db16f78397fa57fd045d04653189741a75a91457e0b586411bd4,800851,517,"HTML document footer"
cc5234680897db16f78397fa57fd045d04653189741a75a91457e0b586411bd4,800851,517,"HTML document header"
54d5401ab25af76f21671e829e2fdaa8a95094699161566e63c5223d6e80a7d4,800851,515,"HTML document footer"
54d5401ab25af76f21671e829e2fdaa8a95094699161566e63c5223d6e80a7d4,800851,515,"HTML document header"
0484819eacf4b965b0b2d915b209b15372a192c74a91a673a3980eb65aff4bd5,800851,517,"HTML document footer"
0484819eacf4b965b0b2d915b209b15372a192c74a91a673a3980eb65aff4bd5,800851,517,"HTML document header"
d393e644c9a9d89ac19aee163cf141bdc2a9d9f636854ef1ed009046dea43bd6,800851,513,"HTML document footer"
d393e644c9a9d89ac19aee163cf141bdc2a9d9f636854ef1ed009046dea43bd6,800851,513,"HTML document header"
c52a8d3f7ab1099e4c4d4f9ccb3c558f5b8fb35f30fbd21610f326dfcf7248d6,800851,514,"HTML document footer"
c52a8d3f7ab1099e4c4d4f9ccb3c558f5b8fb35f30fbd21610f326dfcf7248d6,800851,514,"HTML document header"
d107f09e0296c543a88c492ffc3fdc498b3d1caa1cc40e7360ee31d2b56d99d7,800851,518,"HTML document footer"
d107f09e0296c543a88c492ffc3fdc498b3d1caa1cc40e7360ee31d2b56d99d7,800851,518,"HTML document header"
eac32204ab07dd72b5f27b0d0dfb3c9294632901524af8799e49c6ceced407d8,800851,516,"HTML document footer"
eac32204ab07dd72b5f27b0d0dfb3c9294632901524af8799e49c6ceced407d8,800851,516,"HTML document header"
163ae4785ec66e4c26c85e4af7d4206da8f276a7206be7d167502a06ddccfbd8,800851,515,"HTML document footer"
163ae4785ec66e4c26c85e4af7d4206da8f276a7206be7d167502a06ddccfbd8,800851,515,"HTML document header"
838997d236eb3bf0125a159bdd79ac6ac3ad1db03d93781aee1fe6389bf07bd9,800851,516,"HTML document footer"
838997d236eb3bf0125a159bdd79ac6ac3ad1db03d93781aee1fe6389bf07bd9,800851,516,"HTML document header"
d0806a0eaba8ecb0959961bce112e95534889ccb4d915646f70f000c4adb37da,800851,515,"HTML document footer"
d0806a0eaba8ecb0959961bce112e95534889ccb4d915646f70f000c4adb37da,800851,515,"HTML document header"
f230e3960a6fb59d6061074ba5d922e1bb968567587f905675db20e0de59c8da,800851,519,"HTML document footer"
f230e3960a6fb59d6061074ba5d922e1bb968567587f905675db20e0de59c8da,800851,519,"HTML document header"
67202a2daabafb5c2d86f8cc230eac712981c24977698f0851604504447dbcdb,800851,514,"HTML document footer"
67202a2daabafb5c2d86f8cc230eac712981c24977698f0851604504447dbcdb,800851,514,"HTML document header"
b763ee79ed48bb1fef48ee9d45c8dfc536ec7af812dea7a2340c1504e132c9db,800851,513,"HTML document footer"
b763ee79ed48bb1fef48ee9d45c8dfc536ec7af812dea7a2340c1504e132c9db,800851,513,"HTML document header"
672f95c7cc60cb624bbc6aaf9856f41f2f37d18ece20690f1702c6141ebb3fdc,800851,515,"HTML document footer"
672f95c7cc60cb624bbc6aaf9856f41f2f37d18ece20690f1702c6141ebb3fdc,800851,515,"HTML document header"
3aa07f1edf4d9a750e8636d3f8e4ce3a6bb32431d8541f64c70fce61a0a7b0df,800851,518,"HTML document footer"
3aa07f1edf4d9a750e8636d3f8e4ce3a6bb32431d8541f64c70fce61a0a7b0df,800851,518,"HTML document header"
96ae1574abc6fcafed324cfc9b24d7c6fccdaa511e1a3d885c6898dedf3db4e1,800851,515,"HTML document footer"
96ae1574abc6fcafed324cfc9b24d7c6fccdaa511e1a3d885c6898dedf3db4e1,800851,515,"HTML document header"
5a9fa4fffd309aa4e2f16293821d2dd7e6c14a715673bf0fe629fa5f922bfbe1,800851,514,"HTML document footer"
5a9fa4fffd309aa4e2f16293821d2dd7e6c14a715673bf0fe629fa5f922bfbe1,800851,514,"HTML document header"
af39554dad7b2c6bb72079aa2864b69fd058fe497f995c59e85c200545c6b0e2,800851,515,"HTML document footer"
af39554dad7b2c6bb72079aa2864b69fd058fe497f995c59e85c200545c6b0e2,800851,515,"HTML document header"
2135ec102c7eac07b70ae2ed9cb9bbcb92fe82fca9a55aa97571ca56e290f6e2,800851,516,"HTML document footer"
2135ec102c7eac07b70ae2ed9cb9bbcb92fe82fca9a55aa97571ca56e290f6e2,800851,516,"HTML document header"
8921b12153bad26cdd85139e1961916e1c7f3a3b2238c6d31fedc6893a6876e3,800851,514,"HTML document footer"
8921b12153bad26cdd85139e1961916e1c7f3a3b2238c6d31fedc6893a6876e3,800851,514,"HTML document header"
473da7cc6754267288618009e103ceab561e8cf6561d1edbb8558dc5b280abe3,800851,504,"HTML document footer"
473da7cc6754267288618009e103ceab561e8cf6561d1edbb8558dc5b280abe3,800851,504,"HTML document header"
4585339750299597680abb95c8c974476eca634c24f03bea115a289bd4cbede3,800851,515,"HTML document footer"
4585339750299597680abb95c8c974476eca634c24f03bea115a289bd4cbede3,800851,515,"HTML document header"
45ad0a79a287a7ca530dd9d4543d2103d42765ce44861d8d8c439b960a293be6,800851,513,"HTML document footer"
45ad0a79a287a7ca530dd9d4543d2103d42765ce44861d8d8c439b960a293be6,800851,513,"HTML document header"
daded1e351c38be9e39210dcb5ec916d20e4ff52d91592e0cc5decb1f1c729e7,800851,515,"HTML document footer"
daded1e351c38be9e39210dcb5ec916d20e4ff52d91592e0cc5decb1f1c729e7,800851,515,"HTML document header"
eaf3fff45030339389d07dbb3a3f5f574b5af3fc59e786679d9c3aabd49678e7,800851,518,"HTML document footer"
eaf3fff45030339389d07dbb3a3f5f574b5af3fc59e786679d9c3aabd49678e7,800851,518,"HTML document header"
7c539883b94731f4cc390f7d1ea782e0d1695573b2cee09bad310c171b5092e7,800851,516,"HTML document footer"
7c539883b94731f4cc390f7d1ea782e0d1695573b2cee09bad310c171b5092e7,800851,516,"HTML document header"
b6dc00af538989d63b7fd41622ecb324c106166a4f479c1c0d61b884d50297e7,800851,516,"HTML document footer"
b6dc00af538989d63b7fd41622ecb324c106166a4f479c1c0d61b884d50297e7,800851,516,"HTML document header"
c8a1adfbf69656c73b51520797441ba84dec13fb31655aa563df959bbe3f8be8,800851,515,"HTML document footer"
c8a1adfbf69656c73b51520797441ba84dec13fb31655aa563df959bbe3f8be8,800851,515,"HTML document header"
23612016bc34ca9adaf0df8f5734c30e1cf7a299c5c399c1e082a6f52919e1e8,800851,506,"HTML document footer"
23612016bc34ca9adaf0df8f5734c30e1cf7a299c5c399c1e082a6f52919e1e8,800851,506,"HTML document header"
a8bfd703ce407e11f8a55cb39f8adf57ee2d3f0ecfafc8b6790cadf9f7fa83e9,800851,515,"HTML document footer"
a8bfd703ce407e11f8a55cb39f8adf57ee2d3f0ecfafc8b6790cadf9f7fa83e9,800851,515,"HTML document header"
c28cdec0b1a2ad8f833a4c04f799468eb5f041691b0ed536cf9e8eda912f6aea,800851,513,"HTML document footer"
c28cdec0b1a2ad8f833a4c04f799468eb5f041691b0ed536cf9e8eda912f6aea,800851,513,"HTML document header"
306dbd8e860060e5d2ffba83183d06661b3a87dbd904c908ee015e4d95c28aeb,800851,516,"HTML document footer"
306dbd8e860060e5d2ffba83183d06661b3a87dbd904c908ee015e4d95c28aeb,800851,516,"HTML document header"
e39e695c920cfab3d130361e673749ad9ebb19708c2c5f57f9538b774e86cbeb,800851,517,"HTML document footer"
e39e695c920cfab3d130361e673749ad9ebb19708c2c5f57f9538b774e86cbeb,800851,517,"HTML document header"
d705d0077cd3e7285e5fd0934d94195dffc6c348c7aaee592a4a866c8aaa2fed,800851,518,"HTML document footer"
d705d0077cd3e7285e5fd0934d94195dffc6c348c7aaee592a4a866c8aaa2fed,800851,518,"HTML document header"
13dc501d299a2c48553be520f9e6b5ba814b22d81ed6fc3a0d6886199f711cef,800851,503,"HTML document footer"
13dc501d299a2c48553be520f9e6b5ba814b22d81ed6fc3a0d6886199f711cef,800851,503,"HTML document header"
a591b1cf60588a8d715235fe866748e261e99722b58c6c510aa924b1897c37ef,800851,516,"HTML document footer"
a591b1cf60588a8d715235fe866748e261e99722b58c6c510aa924b1897c37ef,800851,516,"HTML document header"
8db8e83f4ca959fa440e008f95273eea02a2928484c36fa880a31c0c203af3f1,800851,516,"HTML document footer"
8db8e83f4ca959fa440e008f95273eea02a2928484c36fa880a31c0c203af3f1,800851,516,"HTML document header"
8335e1f919ee05e867941c8df69ce539eb04edfffe05e2dd05a76cbc66c6b3f2,800851,513,"HTML document footer"
8335e1f919ee05e867941c8df69ce539eb04edfffe05e2dd05a76cbc66c6b3f2,800851,513,"HTML document header"
5e05bb1066c9c38cc9b1e48287fd28cbe1cc82d9ebde2b7ddf8444676c686ef4,800851,515,"HTML document footer"
5e05bb1066c9c38cc9b1e48287fd28cbe1cc82d9ebde2b7ddf8444676c686ef4,800851,515,"HTML document header"
8d24af7855c8b77ab95846c5cdb56478b7a61d03a46a2a2532cca8e4b18ef5f4,800851,515,"HTML document footer"
8d24af7855c8b77ab95846c5cdb56478b7a61d03a46a2a2532cca8e4b18ef5f4,800851,515,"HTML document header"
fcbd6d322c2a91343b7fa38609b7050e20768e114b008735ab07dd8760a5abf5,800851,514,"HTML document footer"
fcbd6d322c2a91343b7fa38609b7050e20768e114b008735ab07dd8760a5abf5,800851,514,"HTML document header"
350d97efd1dc197959a200f6f00b6a6399985964760286b152b83c98a71aa6f6,800851,516,"HTML document footer"
350d97efd1dc197959a200f6f00b6a6399985964760286b152b83c98a71aa6f6,800851,516,"HTML document header"
e8c5e549917e1a9939a948f18ee9a6242545eba832e615880b0c6f0691ea99fa,800851,514,"HTML document footer"
e8c5e549917e1a9939a948f18ee9a6242545eba832e615880b0c6f0691ea99fa,800851,514,"HTML document header"
cbe35f141e4413f4d27ea6869ad53e75b5f81f082f8f6439cf0e0de9b5b52cfb,800851,516,"HTML document footer"
cbe35f141e4413f4d27ea6869ad53e75b5f81f082f8f6439cf0e0de9b5b52cfb,800851,516,"HTML document header"
0f8870fc10265339852cef371b9fdcbd8122ac4f32ef0fdef1580ae56eb091fc,800851,513,"HTML document footer"
0f8870fc10265339852cef371b9fdcbd8122ac4f32ef0fdef1580ae56eb091fc,800851,513,"HTML document header"
c7d483958bb4619b68260857582f997a005ea9e2f3d34ac07e746e2a56587ffd,800851,516,"HTML document footer"
c7d483958bb4619b68260857582f997a005ea9e2f3d34ac07e746e2a56587ffd,800851,516,"HTML document header"
9757523ce474e2b5d103216f29479e7805475468029c4e76350cb26537ed16ff,800851,516,"HTML document footer"
9757523ce474e2b5d103216f29479e7805475468029c4e76350cb26537ed16ff,800851,516,"HTML document header"
8ec3baca06b4c045cada10245507c46d994928d82013dc35dfeebde00190acff,800851,518,"HTML document footer"
8ec3baca06b4c045cada10245507c46d994928d82013dc35dfeebde00190acff,800851,518,"HTML document header"
c9c3efa7b8c7f198e1af55224506e026c4f870bbbb3c6b4e2ce86d5bbaf9ec00,800851,515,"HTML document footer"
c9c3efa7b8c7f198e1af55224506e026c4f870bbbb3c6b4e2ce86d5bbaf9ec00,800851,515,"HTML document header"
fc2e67c0c327967e46e5e61a846d6894e804dc6b519b657b456becde7f0f2b41,800851,515,"HTML document footer"
fc2e67c0c327967e46e5e61a846d6894e804dc6b519b657b456becde7f0f2b41,800851,515,"HTML document header"
bf74391a49fcb7b55f7d999d63edcaa72cce7c91232c2533b3fbf8ac354af243,800851,515,"HTML document footer"
bf74391a49fcb7b55f7d999d63edcaa72cce7c91232c2533b3fbf8ac354af243,800851,515,"HTML document header"
26e04b7806aa6d8588ff185f107461fe022cb4a376eacb08d10554ebca42bf7f,800851,515,"HTML document footer"
26e04b7806aa6d8588ff185f107461fe022cb4a376eacb08d10554ebca42bf7f,800851,515,"HTML document header"
95ddbe75aee1cf9a780f80255f04c10c79ab17d9e4e8f92979935d2d294fee9e,800851,518,"HTML document footer"
95ddbe75aee1cf9a780f80255f04c10c79ab17d9e4e8f92979935d2d294fee9e,800851,518,"HTML document header"
56134b4d39758e267226cb404778a0e9be4837c15a077afda61445e122d480cd,800851,516,"HTML document footer"
56134b4d39758e267226cb404778a0e9be4837c15a077afda61445e122d480cd,800851,516,"HTML document header"
e66b2c0c13d3660cfc7e8aff574d7a634c7c59926f7e02a033a80cd7988eade4,800851,518,"HTML document footer"
e66b2c0c13d3660cfc7e8aff574d7a634c7c59926f7e02a033a80cd7988eade4,800851,518,"HTML document header"
b56651c0f95ebf7f5f25a3001b265a0f4e20228066bcfca86962d29fc60641eb,800851,515,"HTML document footer"
b56651c0f95ebf7f5f25a3001b265a0f4e20228066bcfca86962d29fc60641eb,800851,515,"HTML document header"
8a6cf21183d0e1bc35e77224cc04fcd005e4b773ead5d2b9396626fe8d606b7d,800851,513,"HTML document footer"
8a6cf21183d0e1bc35e77224cc04fcd005e4b773ead5d2b9396626fe8d606b7d,800851,513,"HTML document header"
08a8c60f6b202823b8308007d40d91b16bf22b764169bfb5bcbf3d5f1576b3dc,800851,514,"HTML document footer"
08a8c60f6b202823b8308007d40d91b16bf22b764169bfb5bcbf3d5f1576b3dc,800851,514,"HTML document header"
bde8021de0420749352ed4e7b2294ffaa49717c0a6b3f6f02a1745382f36999b,800851,506,"HTML document footer"
bde8021de0420749352ed4e7b2294ffaa49717c0a6b3f6f02a1745382f36999b,800851,506,"HTML document header"
f705692491a7fb583c6dfc8ba63f5c042617f113078bf9020b7d49756702f717,800851,504,"HTML document footer"
f705692491a7fb583c6dfc8ba63f5c042617f113078bf9020b7d49756702f717,800851,504,"HTML document header"
8151e22cbdbd5f3689c4af5b79bd6a7df7f242aa2dd34d7e56bce3daa8004d5a,800851,504,"HTML document footer"
8151e22cbdbd5f3689c4af5b79bd6a7df7f242aa2dd34d7e56bce3daa8004d5a,800851,504,"HTML document header"
31fb39c9f50f6aad01936408bc307dda0084cddfe9ba7a89fe3ac245fc101fb6,800851,503,"HTML document footer"
31fb39c9f50f6aad01936408bc307dda0084cddfe9ba7a89fe3ac245fc101fb6,800851,503,"HTML document header"
55d3eef15230e35a0b81d7a7ddc6a3fd1d966ac351df7a2866ded7007f6b04ca,800851,505,"HTML document footer"
55d3eef15230e35a0b81d7a7ddc6a3fd1d966ac351df7a2866ded7007f6b04ca,800851,505,"HTML document header"
6bfb3edec68fdd2fa0743707565703d147ad88ab060c3183973ed5f7dddf9edb,800851,506,"HTML document footer"
6bfb3edec68fdd2fa0743707565703d147ad88ab060c3183973ed5f7dddf9edb,800851,506,"HTML document header"
27291c2a5d432000d71532eef62acfed21cc1783128a49248e8d20b7ce04f2db,800851,504,"HTML document footer"
27291c2a5d432000d71532eef62acfed21cc1783128a49248e8d20b7ce04f2db,800851,504,"HTML document header"
ed52e78f356beea939e08728c7a77b2554833860539f1d93c1ac0a818a4fc3a1,800851,501,"HTML document footer"
ed52e78f356beea939e08728c7a77b2554833860539f1d93c1ac0a818a4fc3a1,800851,501,"HTML document header"
3f6576c6b10818b25bb1b46d083fe02d3ba1d0244e20678a315d567ba351bdc8,800851,502,"HTML document footer"
3f6576c6b10818b25bb1b46d083fe02d3ba1d0244e20678a315d567ba351bdc8,800851,502,"HTML document header"
dfac3f55d344a76fbe8c78a37b8fa70299220f2bbd4a8d4912b46ab2cda8d0ca,800851,502,"HTML document footer"
dfac3f55d344a76fbe8c78a37b8fa70299220f2bbd4a8d4912b46ab2cda8d0ca,800851,502,"HTML document header"
1d0deacee60fbd68ea39ebe27008b3ee680710d39795df6b8595fc2681aafa0f,800852,515,"HTML document footer"
1d0deacee60fbd68ea39ebe27008b3ee680710d39795df6b8595fc2681aafa0f,800852,515,"HTML document header"
607126f886a455624d8dc5ef56d18d25eab055e6eb9278c84cacd6483fc85447,800852,514,"HTML document footer"
607126f886a455624d8dc5ef56d18d25eab055e6eb9278c84cacd6483fc85447,800852,514,"HTML document header"
b0e85d34164352a35dcc62026d5f6e1d9116facad82fa77dd60ff8e3f2ed74ab,800852,515,"HTML document footer"
b0e85d34164352a35dcc62026d5f6e1d9116facad82fa77dd60ff8e3f2ed74ab,800852,515,"HTML document header"
d3dfd976bb91d4c220ab3479e882b881b5b3cfcc6a2d2f6039906ce7c219c925,800852,516,"HTML document footer"
d3dfd976bb91d4c220ab3479e882b881b5b3cfcc6a2d2f6039906ce7c219c925,800852,516,"HTML document header"
8404bcd71c41bad542a4578c0a082b61c2a48071e2fc3aadf4e6c15237fe4f3b,800852,515,"HTML document footer"
8404bcd71c41bad542a4578c0a082b61c2a48071e2fc3aadf4e6c15237fe4f3b,800852,515,"HTML document header"
b27aed42c09e33d617f9cbc1f0c98e89f446affa9b3526f7f211fdd4b6871858,800852,516,"HTML document footer"
b27aed42c09e33d617f9cbc1f0c98e89f446affa9b3526f7f211fdd4b6871858,800852,516,"HTML document header"
79cf950d2153fd4c75e1268459a2971578a6eb9ce3cf2525c6143a7e65e59f58,800852,514,"HTML document footer"
79cf950d2153fd4c75e1268459a2971578a6eb9ce3cf2525c6143a7e65e59f58,800852,514,"HTML document header"
53ce89e0cbf7002f4d67f29f9e2d7664e7ea89a27ac9ce62bc86476b16179c63,800852,516,"HTML document footer"
53ce89e0cbf7002f4d67f29f9e2d7664e7ea89a27ac9ce62bc86476b16179c63,800852,516,"HTML document header"
3f9cfddf62d4e0126b96e16607457712ac844749d1ffbc432249f5dafce5967c,800852,503,"HTML document footer"
3f9cfddf62d4e0126b96e16607457712ac844749d1ffbc432249f5dafce5967c,800852,503,"HTML document header"
3bf673fa07c4b9fb200550018ed42a08a937dff750429ba43b58ddfc1cabd683,800852,514,"HTML document footer"
3bf673fa07c4b9fb200550018ed42a08a937dff750429ba43b58ddfc1cabd683,800852,514,"HTML document header"
2bd0d80db7cc74adbc7593254dc1d15e06be0d61bf6ffc6685b1f96239387188,800852,516,"HTML document footer"
2bd0d80db7cc74adbc7593254dc1d15e06be0d61bf6ffc6685b1f96239387188,800852,516,"HTML document header"
b2b5c1509e34cf8f69f169d824e38c9f75a90d8057041d22f9c57ed34cf2178b,800852,517,"HTML document footer"
b2b5c1509e34cf8f69f169d824e38c9f75a90d8057041d22f9c57ed34cf2178b,800852,517,"HTML document header"
7f5d506a82044b93335f58ff120a5084932be49db5c3bfd1a56b4458fe90bb99,800852,517,"HTML document footer"
7f5d506a82044b93335f58ff120a5084932be49db5c3bfd1a56b4458fe90bb99,800852,517,"HTML document header"
bedf85ec48bcf7c1beb7cd650a0e84ef3f779ef92b54deb1d86634ca1b499f9d,800852,517,"HTML document footer"
bedf85ec48bcf7c1beb7cd650a0e84ef3f779ef92b54deb1d86634ca1b499f9d,800852,517,"HTML document header"
45887ef51f53d2ba84246dada6d5c23a9d3437f2325f8e0349bfd96348fb52b9,800852,514,"HTML document footer"
45887ef51f53d2ba84246dada6d5c23a9d3437f2325f8e0349bfd96348fb52b9,800852,514,"HTML document header"
305ebcedcb4251a827013154007db96576ab123bd73a37735459b98195c5fac2,800852,513,"HTML document footer"
305ebcedcb4251a827013154007db96576ab123bd73a37735459b98195c5fac2,800852,513,"HTML document header"
c22c0bda120359c0a336f3e3e671bf2ac386c7e57100fac31610c4cd7546d5d8,800852,514,"HTML document footer"
c22c0bda120359c0a336f3e3e671bf2ac386c7e57100fac31610c4cd7546d5d8,800852,514,"HTML document header"
b80c2144d3c516c88e75985cff1a699d877fccb4cfd32c35f57da84a0a8d94f2,800852,512,"HTML document footer"
b80c2144d3c516c88e75985cff1a699d877fccb4cfd32c35f57da84a0a8d94f2,800852,512,"HTML document header"
65ce7df4d2fb5983ef60da5dd90916aad010e13af593ba656b83356f5799fcf8,800852,515,"HTML document footer"
65ce7df4d2fb5983ef60da5dd90916aad010e13af593ba656b83356f5799fcf8,800852,515,"HTML document header"
cd2cacdd58dff87400c49cf0857e149c2a283600c671e5bf6d54a3896ca454fa,800852,513,"HTML document footer"
cd2cacdd58dff87400c49cf0857e149c2a283600c671e5bf6d54a3896ca454fa,800852,513,"HTML document header"
043298762729e2ec95d3717865d12eeef39cb7ebb4fad55c008c6e41190523ff,800852,515,"HTML document footer"
043298762729e2ec95d3717865d12eeef39cb7ebb4fad55c008c6e41190523ff,800852,515,"HTML document header"
5d1fecdb3812630b51f359129ed3e0cd65b5292a28e1699915e57ef51a530d38,800852,517,"HTML document footer"
5d1fecdb3812630b51f359129ed3e0cd65b5292a28e1699915e57ef51a530d38,800852,517,"HTML document header"
e497ee2ecfe70900da9391132bec69171985baa37036a9c6d7aa8e6892d6a0dc,800852,514,"HTML document footer"
e497ee2ecfe70900da9391132bec69171985baa37036a9c6d7aa8e6892d6a0dc,800852,514,"HTML document header"
86880eb8089e23ba50c3abb6a7014d1de8c711cf5cfd080d261d73db96abc21d,800852,503,"HTML document footer"
86880eb8089e23ba50c3abb6a7014d1de8c711cf5cfd080d261d73db96abc21d,800852,503,"HTML document header"
2d0babd91406759e3d09fa7b430de5c37cb247e780ff0759c02908382d493cee,800852,505,"HTML document footer"
2d0babd91406759e3d09fa7b430de5c37cb247e780ff0759c02908382d493cee,800852,505,"HTML document header"
67f7ad36528111ea8691390b9adff39efc3a039329c1f9371a6925ac81b1dd0c,800852,516,"HTML document footer"
67f7ad36528111ea8691390b9adff39efc3a039329c1f9371a6925ac81b1dd0c,800852,516,"HTML document header"
82e7323b43037c62ecdfcd33227f4c5d5eb7fa3fd80fe973186b9d751198d110,800852,515,"HTML document footer"
82e7323b43037c62ecdfcd33227f4c5d5eb7fa3fd80fe973186b9d751198d110,800852,515,"HTML document header"
7845703a7e46e3145b44e8e4b418779ab1d67d4dee09cd4a910216d4344ab516,800852,516,"HTML document footer"
7845703a7e46e3145b44e8e4b418779ab1d67d4dee09cd4a910216d4344ab516,800852,516,"HTML document header"
b735e662e13c90dbbaeea74aee380e6d3b9210f94f8b170d7e4744fd24b4d51b,800852,515,"HTML document footer"
b735e662e13c90dbbaeea74aee380e6d3b9210f94f8b170d7e4744fd24b4d51b,800852,515,"HTML document header"
6deeac3e51b16edcf5c2b6d0e9d8618fe115b37690708a3a02e618bd70f00828,800852,516,"HTML document footer"
6deeac3e51b16edcf5c2b6d0e9d8618fe115b37690708a3a02e618bd70f00828,800852,516,"HTML document header"
cf66d71195272f1505e398d5608b72fa1a7f899336757f9d3884a1fafcde372c,800852,514,"HTML document footer"
cf66d71195272f1505e398d5608b72fa1a7f899336757f9d3884a1fafcde372c,800852,514,"HTML document header"
392818f8b73680239c07b63435bdc3e4d30844d69e980865fe8066f9024b6b36,800852,515,"HTML document footer"
392818f8b73680239c07b63435bdc3e4d30844d69e980865fe8066f9024b6b36,800852,515,"HTML document header"
c7298bd3e98d11638b22be2a25c2a18ed896f2385241a6fe0b1db809d461d237,800852,517,"HTML document footer"
c7298bd3e98d11638b22be2a25c2a18ed896f2385241a6fe0b1db809d461d237,800852,517,"HTML document header"
100708c518fce9205739f3724284975ada338ee1dadbba46c60ed7c46da52b3d,800852,515,"HTML document footer"
100708c518fce9205739f3724284975ada338ee1dadbba46c60ed7c46da52b3d,800852,515,"HTML document header"
ef76b956135d155a57b96f6eb42d4824056090f6aa5b394b716b3150fcca3541,800852,516,"HTML document footer"
ef76b956135d155a57b96f6eb42d4824056090f6aa5b394b716b3150fcca3541,800852,516,"HTML document header"
f23b364dd560a9a6c7f5a284520b6a5a439e74f5cfccf9d539d47aac843cc741,800852,518,"HTML document footer"
f23b364dd560a9a6c7f5a284520b6a5a439e74f5cfccf9d539d47aac843cc741,800852,518,"HTML document header"
c2ad2d783a98f83630620e2c60795feabd9bff0d2d30ebc9a77ede5a08e96452,800852,516,"HTML document footer"
c2ad2d783a98f83630620e2c60795feabd9bff0d2d30ebc9a77ede5a08e96452,800852,516,"HTML document header"
1a638fbcd1cbb5827a16ff0473e337d7949bb67d83d9205d079c8fa8b2e9d25f,800852,518,"HTML document footer"
1a638fbcd1cbb5827a16ff0473e337d7949bb67d83d9205d079c8fa8b2e9d25f,800852,518,"HTML document header"
ae12b0cef44b88b039badc4d94038093118156787f8decb4b96a5af93a55f75f,800852,514,"HTML document footer"
ae12b0cef44b88b039badc4d94038093118156787f8decb4b96a5af93a55f75f,800852,514,"HTML document header"
8b3f86e098ac228de24d71ae8b48dce93d9b7432b563080e5da04ccc5161606a,800852,515,"HTML document footer"
8b3f86e098ac228de24d71ae8b48dce93d9b7432b563080e5da04ccc5161606a,800852,515,"HTML document header"
9a5c2b533d64dab68d50b41903e5419afb10a99acc962fd275e8c38891465670,800852,515,"HTML document footer"
9a5c2b533d64dab68d50b41903e5419afb10a99acc962fd275e8c38891465670,800852,515,"HTML document header"
f5748577aa40e8de2ea39c3a394d3d6388eaf38931599e3c57be3f03e602d371,800852,517,"HTML document footer"
f5748577aa40e8de2ea39c3a394d3d6388eaf38931599e3c57be3f03e602d371,800852,517,"HTML document header"
6f336b245db84d3b3f796b1d4a18f093c125a9559fc6c33a7d776310ca8b6f87,800852,516,"HTML document footer"
6f336b245db84d3b3f796b1d4a18f093c125a9559fc6c33a7d776310ca8b6f87,800852,516,"HTML document header"
44a283a571e24512c94f15bc957fc404358747b2c75ac1368b6c6593f8217c8e,800852,516,"HTML document footer"
44a283a571e24512c94f15bc957fc404358747b2c75ac1368b6c6593f8217c8e,800852,516,"HTML document header"
a261c72761a7848adcfda0e0a40f7a62f538dee84a88385579d6b0c6a130768f,800852,516,"HTML document footer"
a261c72761a7848adcfda0e0a40f7a62f538dee84a88385579d6b0c6a130768f,800852,516,"HTML document header"
ae7384fd496bc0f036588b53d311e705e969792c22fb4d046fb2cf299f435598,800852,515,"HTML document footer"
ae7384fd496bc0f036588b53d311e705e969792c22fb4d046fb2cf299f435598,800852,515,"HTML document header"
41f700270181bb39b9a946233848f9c6153e178a5aaf1de123f6521bae73e49d,800852,517,"HTML document footer"
41f700270181bb39b9a946233848f9c6153e178a5aaf1de123f6521bae73e49d,800852,517,"HTML document header"
d576791824c83d8d0d30a9aefd3ac41a94bc41e908a4325a5a25f6e87481b49e,800852,516,"HTML document footer"
d576791824c83d8d0d30a9aefd3ac41a94bc41e908a4325a5a25f6e87481b49e,800852,516,"HTML document header"
e02bdf00a23698db1a6ae0887f7270c7b5d0255edd50db87ada86aba541aafae,800852,515,"HTML document footer"
e02bdf00a23698db1a6ae0887f7270c7b5d0255edd50db87ada86aba541aafae,800852,515,"HTML document header"
a6d1bcb8fd1c1a6faa1c4dce2cad33cf61d6758efba483cb1b68fa22b9c496b3,800852,514,"HTML document footer"
a6d1bcb8fd1c1a6faa1c4dce2cad33cf61d6758efba483cb1b68fa22b9c496b3,800852,514,"HTML document header"
9a132eb8a4fa72c5a384d2ebd20058e41edd88a49c37d6f3f84b1d6359e551b9,800852,516,"HTML document footer"
9a132eb8a4fa72c5a384d2ebd20058e41edd88a49c37d6f3f84b1d6359e551b9,800852,516,"HTML document header"
256a84911e826f521678e89216a1a7a7a5fe1c32cc8942f9f5d1bb19d2d72dcb,800852,517,"HTML document footer"
256a84911e826f521678e89216a1a7a7a5fe1c32cc8942f9f5d1bb19d2d72dcb,800852,517,"HTML document header"
4b577379ada28d9f955c8853ed28c75cdf0732d0dabab05e9a14a34b36ae00d6,800852,518,"HTML document footer"
4b577379ada28d9f955c8853ed28c75cdf0732d0dabab05e9a14a34b36ae00d6,800852,518,"HTML document header"
56f6473ac90fa129237f3ea06a5333a099427876f18f85432b7838ba1fa78bd6,800852,516,"HTML document footer"
56f6473ac90fa129237f3ea06a5333a099427876f18f85432b7838ba1fa78bd6,800852,516,"HTML document header"
8b3e02af21ee9a4baa180743df21288877eddbb908233e9595bae4ca98173bdc,800852,515,"HTML document footer"
8b3e02af21ee9a4baa180743df21288877eddbb908233e9595bae4ca98173bdc,800852,515,"HTML document header"
214dd800028781334e93b19c03ec120ce3ced1793e3721dfb96b4ff37c2349dd,800852,516,"HTML document footer"
214dd800028781334e93b19c03ec120ce3ced1793e3721dfb96b4ff37c2349dd,800852,516,"HTML document header"
0cce6bfdbc23212e1edcff65e764f8a83e701456d8e84a5c8000d6cd17baa4df,800852,515,"HTML document footer"
0cce6bfdbc23212e1edcff65e764f8a83e701456d8e84a5c8000d6cd17baa4df,800852,515,"HTML document header"
514a9d6e0443a59053d9ac1debd26fcc89670e5be0324f09f26ae65f1c3c20e8,800852,519,"HTML document footer"
514a9d6e0443a59053d9ac1debd26fcc89670e5be0324f09f26ae65f1c3c20e8,800852,519,"HTML document header"
009d5d2abdb7a6cae3b812cf865bbddd0c08a4e93d3e6d855d9cfc4d5458e6f8,800852,516,"HTML document footer"
009d5d2abdb7a6cae3b812cf865bbddd0c08a4e93d3e6d855d9cfc4d5458e6f8,800852,516,"HTML document header"
7908ecffc1f6e2653a75f122375095a73742b561bb8bc739d41a1fc5a4b28efc,800852,514,"HTML document footer"
7908ecffc1f6e2653a75f122375095a73742b561bb8bc739d41a1fc5a4b28efc,800852,514,"HTML document header"
266c58d20c7961ff7ec7a768edff0e4fad43ddd33a262efb767b228426e9a702,800852,517,"HTML document footer"
266c58d20c7961ff7ec7a768edff0e4fad43ddd33a262efb767b228426e9a702,800852,517,"HTML document header"
7224cceaac90fb513e6f9c54c8fbd7516272386b11f5926dbc11832ba6227d2a,800852,515,"HTML document footer"
7224cceaac90fb513e6f9c54c8fbd7516272386b11f5926dbc11832ba6227d2a,800852,515,"HTML document header"
3c2748314fe329d66a45b0d641f0e8968dcc60ba1482d2104c77500e5f7efecf,800852,516,"HTML document footer"
3c2748314fe329d66a45b0d641f0e8968dcc60ba1482d2104c77500e5f7efecf,800852,516,"HTML document header"
27346d8e94c747ec96c8ce370ac2c119763bd6f07cb06028a1f3900938b84bca,800852,505,"HTML document footer"
27346d8e94c747ec96c8ce370ac2c119763bd6f07cb06028a1f3900938b84bca,800852,505,"HTML document header"
6dcda068c01e13a793a96152af56f01061053900e3d5235752f65cf9495de642,800852,501,"HTML document footer"
6dcda068c01e13a793a96152af56f01061053900e3d5235752f65cf9495de642,800852,501,"HTML document header"
20e14def9dd3695cc7ab8edbdfafd90a7970adfeb474b54636bfae922b873700,800852,518,"HTML document footer"
20e14def9dd3695cc7ab8edbdfafd90a7970adfeb474b54636bfae922b873700,800852,518,"HTML document header"
63c3c2a3fafb7c59ad22603a41d613a117b309e85e99621c967bcf1aa8d97300,800852,510,"HTML document footer"
63c3c2a3fafb7c59ad22603a41d613a117b309e85e99621c967bcf1aa8d97300,800852,510,"HTML document header"
7742197b5018bfcfe9b5f9b01ad96a179002c04ac09adab4d1213c67b4a02f07,800852,516,"HTML document footer"
7742197b5018bfcfe9b5f9b01ad96a179002c04ac09adab4d1213c67b4a02f07,800852,516,"HTML document header"
9dc985669b7630929ca86f7aa6b81657e74dec4e64013c599d22716873935408,800852,504,"HTML document footer"
9dc985669b7630929ca86f7aa6b81657e74dec4e64013c599d22716873935408,800852,504,"HTML document header"
b5ef74189a1ed6a933ab4ac185c7e9eb31befaec4fbc3fdbe4fb1d749f5b4709,800852,519,"HTML document footer"
b5ef74189a1ed6a933ab4ac185c7e9eb31befaec4fbc3fdbe4fb1d749f5b4709,800852,519,"HTML document header"
c53b3e5fc186810d9d88308ec93f2f67d8a3f41a8ce5db6297ebd2c64b259e1e,800852,516,"HTML document footer"
c53b3e5fc186810d9d88308ec93f2f67d8a3f41a8ce5db6297ebd2c64b259e1e,800852,516,"HTML document header"
1c31b3844359d00289b96adde87119ffcfdefce102e7a468744de0b1cedb6320,800852,514,"HTML document footer"
1c31b3844359d00289b96adde87119ffcfdefce102e7a468744de0b1cedb6320,800852,514,"HTML document header"
37007550af1373f6c11635b14242aa3836b6e1ade87c9c805249ff6e1da21327,800852,514,"HTML document footer"
37007550af1373f6c11635b14242aa3836b6e1ade87c9c805249ff6e1da21327,800852,514,"HTML document header"
717ad4b14c92a25e83e18353e73d209c1a0eccc0c6a410ad984fc4614ddf374c,800852,519,"HTML document footer"
717ad4b14c92a25e83e18353e73d209c1a0eccc0c6a410ad984fc4614ddf374c,800852,519,"HTML document header"
ea3a081d46739daf26ae20180c63fca26515ae9fa542f7bf284c7d47313a9a4f,800852,514,"HTML document footer"
ea3a081d46739daf26ae20180c63fca26515ae9fa542f7bf284c7d47313a9a4f,800852,514,"HTML document header"
114fc4a5bb4c4abfa3cc071db061ebf49e883a366b96a1fe8c005097336ec25e,800852,517,"HTML document footer"
114fc4a5bb4c4abfa3cc071db061ebf49e883a366b96a1fe8c005097336ec25e,800852,517,"HTML document header"
761d4bba2643b0cf3155107f25b53ea15288ba3ddf06dfb71da14f8afbeaa162,800852,514,"HTML document footer"
761d4bba2643b0cf3155107f25b53ea15288ba3ddf06dfb71da14f8afbeaa162,800852,514,"HTML document header"
6fe5883ba87e6abb39999fccee2777efa609bfe83ef9a9e181db42425f5bd669,800852,516,"HTML document footer"
6fe5883ba87e6abb39999fccee2777efa609bfe83ef9a9e181db42425f5bd669,800852,516,"HTML document header"
8fd46e7242fd344fb0c020c145ae469f1207cc6e41acc010854792fdb593986e,800852,514,"HTML document footer"
8fd46e7242fd344fb0c020c145ae469f1207cc6e41acc010854792fdb593986e,800852,514,"HTML document header"
502f7ca33800be8b04040dcc0371abd13d98d7c08bd7d3121c4677d562bf5e72,800852,515,"HTML document footer"
502f7ca33800be8b04040dcc0371abd13d98d7c08bd7d3121c4677d562bf5e72,800852,515,"HTML document header"
f9fc2a4b38dd141190217e135ee8420fb74738bbb71091a35d8e37b06d1fcf76,800852,515,"HTML document footer"
f9fc2a4b38dd141190217e135ee8420fb74738bbb71091a35d8e37b06d1fcf76,800852,515,"HTML document header"
7f6c6e40a3ea504a388aac8f40af56f72a7f276f000de8b7f6d73b58b6e84f84,800852,516,"HTML document footer"
7f6c6e40a3ea504a388aac8f40af56f72a7f276f000de8b7f6d73b58b6e84f84,800852,516,"HTML document header"
8b0c1730aa07c10e506cde51404d9ff4d1ee0ff7e8579755db1451c4e134f788,800852,502,"HTML document footer"
8b0c1730aa07c10e506cde51404d9ff4d1ee0ff7e8579755db1451c4e134f788,800852,502,"HTML document header"
e7915b3aa37bd61607ab346c3c6038f3770560d08a09e111334498e787eaa292,800852,515,"HTML document footer"
e7915b3aa37bd61607ab346c3c6038f3770560d08a09e111334498e787eaa292,800852,515,"HTML document header"
6bf92c6ac0053d2945a7b1d35cf765aa520f725aed3767f5a48f3b6fe5c06e98,800852,516,"HTML document footer"
6bf92c6ac0053d2945a7b1d35cf765aa520f725aed3767f5a48f3b6fe5c06e98,800852,516,"HTML document header"
af55cb38b9b060fd6166d48b497cd233702b06a220d6dad1324f2e01f68132b7,800852,516,"HTML document footer"
af55cb38b9b060fd6166d48b497cd233702b06a220d6dad1324f2e01f68132b7,800852,516,"HTML document header"
b4896b59a947207906b486c14690ab0139a66f160ef3033c4ede3b34505c55be,800852,515,"HTML document footer"
b4896b59a947207906b486c14690ab0139a66f160ef3033c4ede3b34505c55be,800852,515,"HTML document header"
b7bea1b4cf1fecc6a464210f3486dbbc266df8bbddc68f3b1ab4588976ce9eda,800852,516,"HTML document footer"
b7bea1b4cf1fecc6a464210f3486dbbc266df8bbddc68f3b1ab4588976ce9eda,800852,516,"HTML document header"
bf7e42a5d1704adf2abd2a4a3fde7a506ffe25c3f6251ec4df938277ab908ce2,800852,515,"HTML document footer"
bf7e42a5d1704adf2abd2a4a3fde7a506ffe25c3f6251ec4df938277ab908ce2,800852,515,"HTML document header"
4c2a98bf92292b86a1f8bd3a767c57d25300b95e4223f07e326cc37b430db7e4,800852,514,"HTML document footer"
4c2a98bf92292b86a1f8bd3a767c57d25300b95e4223f07e326cc37b430db7e4,800852,514,"HTML document header"
ad9d74150b08d784a16bc445c76c631f268d4f879f8b9c697803611221c0eff4,800852,502,"HTML document footer"
ad9d74150b08d784a16bc445c76c631f268d4f879f8b9c697803611221c0eff4,800852,502,"HTML document header"
c83cd1507574631c1b2a2cd1e845dae2dbf27c0a35274973d511188904aeed01,800852,504,"HTML document footer"
c83cd1507574631c1b2a2cd1e845dae2dbf27c0a35274973d511188904aeed01,800852,504,"HTML document header"
0e5749b802be00433dfe00f47de79391e9eced607e35179c1401ea3e2cfcef02,800852,516,"HTML document footer"
0e5749b802be00433dfe00f47de79391e9eced607e35179c1401ea3e2cfcef02,800852,516,"HTML document header"
c262f0d061c2ff87028a404fe2e34f415ca1fe29ace77deca789beebd6702807,800852,515,"HTML document footer"
c262f0d061c2ff87028a404fe2e34f415ca1fe29ace77deca789beebd6702807,800852,515,"HTML document header"
38abb0496003227fe97b58b394aab12b0da76a2814ee96d4980b28ea2b51200a,800852,516,"HTML document footer"
38abb0496003227fe97b58b394aab12b0da76a2814ee96d4980b28ea2b51200a,800852,516,"HTML document header"
f1f6c17f959f13d216474116b48df51bcf26c96cde949395e85425d2b419de10,800852,502,"HTML document footer"
f1f6c17f959f13d216474116b48df51bcf26c96cde949395e85425d2b419de10,800852,502,"HTML document header"
c2eab05b3c6c929e756591575c552fabcfc7d39fd660187528ef220089a10412,800852,501,"HTML document footer"
c2eab05b3c6c929e756591575c552fabcfc7d39fd660187528ef220089a10412,800852,501,"HTML document header"
af171b97721fd3226851825ddc3b4f1cc3d7cbde8139bf30dd3a189a103ea914,800852,517,"HTML document footer"
af171b97721fd3226851825ddc3b4f1cc3d7cbde8139bf30dd3a189a103ea914,800852,517,"HTML document header"
288bfbde2e0f0d23afdc9780148ebd68713a22f11ac0dd75af69f383b4c88f1a,800852,514,"HTML document footer"
288bfbde2e0f0d23afdc9780148ebd68713a22f11ac0dd75af69f383b4c88f1a,800852,514,"HTML document header"
4e907437ac2c57bc7376ef891d89d9d4b6505929697ae9b781c911a6dbce6a21,800852,514,"HTML document footer"
4e907437ac2c57bc7376ef891d89d9d4b6505929697ae9b781c911a6dbce6a21,800852,514,"HTML document header"
1177ea53dac412acd27998f887a1f8da8ce57204e45f1502803368615b88cd22,800852,516,"HTML document footer"
1177ea53dac412acd27998f887a1f8da8ce57204e45f1502803368615b88cd22,800852,516,"HTML document header"
948a490e39fd41a136c29ef1e42519fecb59cb8318ac8403c06e000c82855728,800852,502,"HTML document footer"
948a490e39fd41a136c29ef1e42519fecb59cb8318ac8403c06e000c82855728,800852,502,"HTML document header"
721a2854ec936d623af354e1e5ccf2c222b14d65a47ff289ce8f99b5cc03e231,800852,515,"HTML document footer"
721a2854ec936d623af354e1e5ccf2c222b14d65a47ff289ce8f99b5cc03e231,800852,515,"HTML document header"
be3a1b5c9dbb688d7a57cfd3973b11f908625ac7e49ab83328ccc165f1ad4835,800852,504,"HTML document footer"
be3a1b5c9dbb688d7a57cfd3973b11f908625ac7e49ab83328ccc165f1ad4835,800852,504,"HTML document header"
c7ffb0c44cd509e2754dde9988c7aabb5383dfb32a22ce7d50a07342ddf4dd35,800852,517,"HTML document footer"
c7ffb0c44cd509e2754dde9988c7aabb5383dfb32a22ce7d50a07342ddf4dd35,800852,517,"HTML document header"
587c442287c5043c330d6f0648111ac5b0193d3dc72a14be93eabf937f94ff3e,800852,505,"HTML document footer"
587c442287c5043c330d6f0648111ac5b0193d3dc72a14be93eabf937f94ff3e,800852,505,"HTML document header"
a3ce077ab7b112c75c13028b90502a73932abf292839d7c8059a02ac42826e3f,800852,504,"HTML document footer"
a3ce077ab7b112c75c13028b90502a73932abf292839d7c8059a02ac42826e3f,800852,504,"HTML document header"
1b04c8af111a86438c0a20e4af405bb1040a6911a7b5b2241d4d49e623061241,800852,507,"HTML document footer"
1b04c8af111a86438c0a20e4af405bb1040a6911a7b5b2241d4d49e623061241,800852,507,"HTML document header"
3d4408bf7eb95065197569d6bdfbb5678c9d462676859493d8f419069ff1ce46,800852,515,"HTML document footer"
3d4408bf7eb95065197569d6bdfbb5678c9d462676859493d8f419069ff1ce46,800852,515,"HTML document header"
8741c021ed37dfe8a0f5f0156fb43ad7bdc8720c6b7399db3e7dcff01c58e44e,800852,515,"HTML document footer"
8741c021ed37dfe8a0f5f0156fb43ad7bdc8720c6b7399db3e7dcff01c58e44e,800852,515,"HTML document header"
4d6323844cd3ad1445faaeca8996936a1aeba07343527d2e7a9eaafb51d0a951,800852,514,"HTML document footer"
4d6323844cd3ad1445faaeca8996936a1aeba07343527d2e7a9eaafb51d0a951,800852,514,"HTML document header"
418d4790b43261d77a8b175065fb9937c9832da54d5ccb6a4c212a4175cf0b5b,800852,516,"HTML document footer"
418d4790b43261d77a8b175065fb9937c9832da54d5ccb6a4c212a4175cf0b5b,800852,516,"HTML document header"
223a632c2febec97052e8283ced8088b9f1c2b24240230d84193378ebbb2305d,800852,515,"HTML document footer"
223a632c2febec97052e8283ced8088b9f1c2b24240230d84193378ebbb2305d,800852,515,"HTML document header"
ba92da6087d348b7329e689c700dbdc466892f275fa6c7b4407150e4a8da1565,800852,515,"HTML document footer"
ba92da6087d348b7329e689c700dbdc466892f275fa6c7b4407150e4a8da1565,800852,515,"HTML document header"
b7ff26eefc7177b24d0b760f7db6140b87333a37bd2bb4c14e86fddee1023467,800852,517,"HTML document footer"
b7ff26eefc7177b24d0b760f7db6140b87333a37bd2bb4c14e86fddee1023467,800852,517,"HTML document header"
a12872da83d9334ce5b03144d8bfcbdf79cd5dbd84bab1211f7c0dea2e766b6f,800852,503,"HTML document footer"
a12872da83d9334ce5b03144d8bfcbdf79cd5dbd84bab1211f7c0dea2e766b6f,800852,503,"HTML document header"
6612061e2058da92ed5a9db5efe9e9791477041f53228041df99bcc429443c75,800852,513,"HTML document footer"
6612061e2058da92ed5a9db5efe9e9791477041f53228041df99bcc429443c75,800852,513,"HTML document header"
9bc90fe68acc005d0acce8e2e938de3af9b2515faae62903ad5bac7ed28b7877,800852,517,"HTML document footer"
9bc90fe68acc005d0acce8e2e938de3af9b2515faae62903ad5bac7ed28b7877,800852,517,"HTML document header"
054e9e16052a62e0ba93dc64e4dd02321e98efa32e4705a3ac6bf6343dd2e878,800852,502,"HTML document footer"
054e9e16052a62e0ba93dc64e4dd02321e98efa32e4705a3ac6bf6343dd2e878,800852,502,"HTML document header"
4c980e337f7891f879db26c1224f7062c54e2a257ab36879299e0544ca1df287,800852,515,"HTML document footer"
4c980e337f7891f879db26c1224f7062c54e2a257ab36879299e0544ca1df287,800852,515,"HTML document header"
110a8e7c5532d7287362e060f70934ef4eb0ae6d09568c89da13b7a7160a339c,800852,517,"HTML document footer"
110a8e7c5532d7287362e060f70934ef4eb0ae6d09568c89da13b7a7160a339c,800852,517,"HTML document header"
5180f01ef77a8273d9709497ca9fb5eede3f5efaf515bc4e52460c193c9fbfa2,800852,514,"HTML document footer"
5180f01ef77a8273d9709497ca9fb5eede3f5efaf515bc4e52460c193c9fbfa2,800852,514,"HTML document header"
b024a9dade5350c1d6635cc35bfcfeff1c1f9d3e01dac6d69526559937eabfa3,800852,503,"HTML document footer"
b024a9dade5350c1d6635cc35bfcfeff1c1f9d3e01dac6d69526559937eabfa3,800852,503,"HTML document header"
f213d2e6592ce29a3840512bc4a0f3ab69eaa7f2ec3c3ad9bf132f2ab7ea88a6,800852,514,"HTML document footer"
f213d2e6592ce29a3840512bc4a0f3ab69eaa7f2ec3c3ad9bf132f2ab7ea88a6,800852,514,"HTML document header"
69d439b89b8ba343036ec41376890683a27e3b790e12d3e5d518ad66e8702fa9,800852,504,"HTML document footer"
69d439b89b8ba343036ec41376890683a27e3b790e12d3e5d518ad66e8702fa9,800852,504,"HTML document header"
31acde33c169e759f866843efe2a6da873d2cdf346eb33edb07331220bf191af,800852,516,"HTML document footer"
31acde33c169e759f866843efe2a6da873d2cdf346eb33edb07331220bf191af,800852,516,"HTML document header"
dcf8e9b58236c4159246cdb1693880b136b3822ece68a89ec2b77e499ff68fb1,800852,515,"HTML document footer"
dcf8e9b58236c4159246cdb1693880b136b3822ece68a89ec2b77e499ff68fb1,800852,515,"HTML document header"
6d25b193f7e99b29919d7f4782003a8b8b3fe090009a4b279053eee7849967b2,800852,517,"HTML document footer"
6d25b193f7e99b29919d7f4782003a8b8b3fe090009a4b279053eee7849967b2,800852,517,"HTML document header"
84de9ed5ad681195ea3ed9ab47086a2ac52b9c3c5a7a2d04157c20d8a89c1fb3,800852,504,"HTML document footer"
84de9ed5ad681195ea3ed9ab47086a2ac52b9c3c5a7a2d04157c20d8a89c1fb3,800852,504,"HTML document header"
a12f79306a5afd60b7cfee8128ee033fafa3709bfc01459d40cc79e75a62fab4,800852,503,"HTML document footer"
a12f79306a5afd60b7cfee8128ee033fafa3709bfc01459d40cc79e75a62fab4,800852,503,"HTML document header"
45b0bc9efbd2da5cba311ec6921468520fda323a5bde5f01f38862c95eb919b9,800852,516,"HTML document footer"
45b0bc9efbd2da5cba311ec6921468520fda323a5bde5f01f38862c95eb919b9,800852,516,"HTML document header"
6f9272e289865b9eb921287535e2a6d625a550277077970bacfa5c5a365396b9,800852,503,"HTML document footer"
6f9272e289865b9eb921287535e2a6d625a550277077970bacfa5c5a365396b9,800852,503,"HTML document header"
ebfa58c7eb0925c7a47efdfc660e0d028ba29d0c38c83024edecb5d681f749ba,800852,516,"HTML document footer"
ebfa58c7eb0925c7a47efdfc660e0d028ba29d0c38c83024edecb5d681f749ba,800852,516,"HTML document header"
23603225f800f3c00276cdf7ba7bdf22af17e4f5331570dcedb482019ac84dcd,800852,519,"HTML document footer"
23603225f800f3c00276cdf7ba7bdf22af17e4f5331570dcedb482019ac84dcd,800852,519,"HTML document header"
4374e629b2fa0df451bdd279cfe9fef948ac1b51547d2b4965bc2e1ae0a58cd1,800852,514,"HTML document footer"
4374e629b2fa0df451bdd279cfe9fef948ac1b51547d2b4965bc2e1ae0a58cd1,800852,514,"HTML document header"
abc78ea74c9a4c5e9868dfcdeb22012b5712ae74faf5ac09611c3e93f22f3ad6,800852,505,"HTML document footer"
abc78ea74c9a4c5e9868dfcdeb22012b5712ae74faf5ac09611c3e93f22f3ad6,800852,505,"HTML document header"
9ba449edc45e631f4471da07465a4a177021719e34096a6f49ac12c5c52bdfe6,800852,515,"HTML document footer"
9ba449edc45e631f4471da07465a4a177021719e34096a6f49ac12c5c52bdfe6,800852,515,"HTML document header"
555a7b3aa77b3bbaad77dd76cfee21d8e2cdc93ae235966d1f1e7e8122607fef,800852,515,"HTML document footer"
555a7b3aa77b3bbaad77dd76cfee21d8e2cdc93ae235966d1f1e7e8122607fef,800852,515,"HTML document header"
58d5e76af3e78664fd7526f0634d30bfe2343343a96cb29a4cda905be0e20ff8,800852,505,"HTML document footer"
58d5e76af3e78664fd7526f0634d30bfe2343343a96cb29a4cda905be0e20ff8,800852,505,"HTML document header"
78dc7aebeafd2b7c36d4120b2e8f70dd4bcc0f3e0927b1c41601bb2feb8790fa,800852,517,"HTML document footer"
78dc7aebeafd2b7c36d4120b2e8f70dd4bcc0f3e0927b1c41601bb2feb8790fa,800852,517,"HTML document header"
adba5d9b87f67cbfba70822b3b9981c6b5202e0b3456aa6c9ffa9bc6240d2afc,800852,505,"HTML document footer"
adba5d9b87f67cbfba70822b3b9981c6b5202e0b3456aa6c9ffa9bc6240d2afc,800852,505,"HTML document header"
c8114be7b829e5067851ea9408c2f4cc93e8829bd3542f3c19756b3cb3f7bbff,800852,514,"HTML document footer"
c8114be7b829e5067851ea9408c2f4cc93e8829bd3542f3c19756b3cb3f7bbff,800852,514,"HTML document header"
292e7756cfde8b2d597ad93cd9223eaf7b78f28276d0d35d822a500fc309ca3d,800852,517,"HTML document footer"
292e7756cfde8b2d597ad93cd9223eaf7b78f28276d0d35d822a500fc309ca3d,800852,517,"HTML document header"
24aa8da78543e323c4e417e672ddf4b48dd22b86c099bcb7cb2ecce661f1b6fa,800852,514,"HTML document footer"
24aa8da78543e323c4e417e672ddf4b48dd22b86c099bcb7cb2ecce661f1b6fa,800852,514,"HTML document header"
170a31722195ac041597054521d1c74cf6ffcddbf45d3f1ba45d94d643641e0f,800852,503,"HTML document footer"
170a31722195ac041597054521d1c74cf6ffcddbf45d3f1ba45d94d643641e0f,800852,503,"HTML document header"
cebed42ac18d5d3c0843f6b55a278612372a08942939228034c2ce65435ecca5,800852,503,"HTML document footer"
cebed42ac18d5d3c0843f6b55a278612372a08942939228034c2ce65435ecca5,800852,503,"HTML document header"
975327745344564cdf85ce19c2a2138a7d7b972de63435f3bb74d3c1c142661b,800852,501,"HTML document footer"
975327745344564cdf85ce19c2a2138a7d7b972de63435f3bb74d3c1c142661b,800852,501,"HTML document header"
6cff2f0fb2858c5e8e9e3016ecd3dc05b5fff19de0db1b73b286b3e8f482a57a,800852,502,"HTML document footer"
6cff2f0fb2858c5e8e9e3016ecd3dc05b5fff19de0db1b73b286b3e8f482a57a,800852,502,"HTML document header"
d3dd429c8fd35d56c418e3db63dfd03bdc4c204c6d5947ef4a079f300f60c093,800852,501,"HTML document footer"
d3dd429c8fd35d56c418e3db63dfd03bdc4c204c6d5947ef4a079f300f60c093,800852,501,"HTML document header"
247ede3a2661506dc3fba90daa5eddc38a115cd1308a1386826d6163350809b2,800852,501,"HTML document footer"
247ede3a2661506dc3fba90daa5eddc38a115cd1308a1386826d6163350809b2,800852,501,"HTML document header"
1b44f0018eddcf85890b8dd6609270cad3a51e694ba529990ded089e6adfb394,800853,516,"HTML document footer"
1b44f0018eddcf85890b8dd6609270cad3a51e694ba529990ded089e6adfb394,800853,516,"HTML document header"
464835f3e1ef6a6634896ed50dbc0fcaa0067b27ca54d3aeaa84af9e9592a5be,800853,514,"HTML document footer"
464835f3e1ef6a6634896ed50dbc0fcaa0067b27ca54d3aeaa84af9e9592a5be,800853,514,"HTML document header"
3857c1a12610490d82458ad29b243b7f884edde6bcafab0e5b126901ef8623e4,800853,517,"HTML document footer"
3857c1a12610490d82458ad29b243b7f884edde6bcafab0e5b126901ef8623e4,800853,517,"HTML document header"
d30223a2e5445804093f000095ff7d954e58f9e99cb645485b7380056dc06900,800853,513,"HTML document footer"
d30223a2e5445804093f000095ff7d954e58f9e99cb645485b7380056dc06900,800853,513,"HTML document header"
46beb35f17d570d153b1591eeaea4a0179eb5b194472cdf9a61f1c6786dfdd02,800853,515,"HTML document footer"
46beb35f17d570d153b1591eeaea4a0179eb5b194472cdf9a61f1c6786dfdd02,800853,515,"HTML document header"
b0720b4162be3e82ee6bc0174c7948f1bf781b92a156766a6f4ee1f0b9b5de02,800853,517,"HTML document footer"
b0720b4162be3e82ee6bc0174c7948f1bf781b92a156766a6f4ee1f0b9b5de02,800853,517,"HTML document header"
657a415a748677a98b028f9798fdd28c4261b9febd4d314fa94553a1ccbb6b07,800853,517,"HTML document footer"
657a415a748677a98b028f9798fdd28c4261b9febd4d314fa94553a1ccbb6b07,800853,517,"HTML document header"
b2dfbcd01d350cf0426852159540cfbfedf0cf7f82a895ae9bfce7126e34ab08,800853,514,"HTML document footer"
b2dfbcd01d350cf0426852159540cfbfedf0cf7f82a895ae9bfce7126e34ab08,800853,514,"HTML document header"
c1a6c9ae027e70209aa9694ba1aa6ae2ff777a178bef959484045924be56450d,800853,515,"HTML document footer"
c1a6c9ae027e70209aa9694ba1aa6ae2ff777a178bef959484045924be56450d,800853,515,"HTML document header"
c314d06374ea2369cadc0ca6467065cd395d0cc895df168c3b542ea98adc8c0e,800853,516,"HTML document footer"
c314d06374ea2369cadc0ca6467065cd395d0cc895df168c3b542ea98adc8c0e,800853,516,"HTML document header"
4fe945305f1ca0d8a58f42146a51561dd6cd80307881f1b978e75adb5a484811,800853,516,"HTML document footer"
4fe945305f1ca0d8a58f42146a51561dd6cd80307881f1b978e75adb5a484811,800853,516,"HTML document header"
0c556627b61b5da380db2738085c102c8ae7db2f791b9f9b6d8bf4bae3ef2018,800853,514,"HTML document footer"
0c556627b61b5da380db2738085c102c8ae7db2f791b9f9b6d8bf4bae3ef2018,800853,514,"HTML document header"
bae3b4ffcb239453a1cefce1e081706251d395728643fead7e183da151d8cc18,800853,516,"HTML document footer"
bae3b4ffcb239453a1cefce1e081706251d395728643fead7e183da151d8cc18,800853,516,"HTML document header"
1f4b3982f296654cf14f199212891d1bb53635e1f8c4fdaf00aaf6c931744219,800853,515,"HTML document footer"
1f4b3982f296654cf14f199212891d1bb53635e1f8c4fdaf00aaf6c931744219,800853,515,"HTML document header"
df5f9de98062f3180215892bed8ad59707d5ab7757222706ff4520917558b319,800853,503,"HTML document footer"
df5f9de98062f3180215892bed8ad59707d5ab7757222706ff4520917558b319,800853,503,"HTML document header"
20a505dac1a42a759e03f2a4ae0bf49939b8a7dce18805c64dca8a29a339571b,800853,514,"HTML document footer"
20a505dac1a42a759e03f2a4ae0bf49939b8a7dce18805c64dca8a29a339571b,800853,514,"HTML document header"
5bd0eaa5e6145bde3ff6a44269d9baaa5185e59c979433864e13a7848aed871c,800853,505,"HTML document footer"
5bd0eaa5e6145bde3ff6a44269d9baaa5185e59c979433864e13a7848aed871c,800853,505,"HTML document header"
1628989eec22141936b910a966a47fda0f9fa9961e21615cc0aa40ea064b0323,800853,516,"HTML document footer"
1628989eec22141936b910a966a47fda0f9fa9961e21615cc0aa40ea064b0323,800853,516,"HTML document header"
d055b60f4535064844aaf796dfe02136015ff4029ada93250e89ff461e07b123,800853,503,"HTML document footer"
d055b60f4535064844aaf796dfe02136015ff4029ada93250e89ff461e07b123,800853,503,"HTML document header"
417b8e4ee51d006fbf7806e7def121cc1aedd1ee8df0f14da2a7cf074247d62e,800853,515,"HTML document footer"
417b8e4ee51d006fbf7806e7def121cc1aedd1ee8df0f14da2a7cf074247d62e,800853,515,"HTML document header"
57bca06b5ea6c7f7908068a2ced31fce290be8562037549e8a605b834db4512f,800853,515,"HTML document footer"
57bca06b5ea6c7f7908068a2ced31fce290be8562037549e8a605b834db4512f,800853,515,"HTML document header"
8e90191941f981e3c13b7ef31c4182bc4a99886ffb31dddabe763465c03b0430,800853,507,"HTML document footer"
8e90191941f981e3c13b7ef31c4182bc4a99886ffb31dddabe763465c03b0430,800853,507,"HTML document header"
b7733244fbad4154d5a8e81f5c874e7e06dfc0a96a3639baa54456872b980532,800853,504,"HTML document footer"
b7733244fbad4154d5a8e81f5c874e7e06dfc0a96a3639baa54456872b980532,800853,504,"HTML document header"
44c67c76af310dd85677628037000daa84ab699dee2ab4f9a392e78a1b808c35,800853,517,"HTML document footer"
44c67c76af310dd85677628037000daa84ab699dee2ab4f9a392e78a1b808c35,800853,517,"HTML document header"
6e9705e2fa95cc000836fa4ef60deb9d955072a6129d5566c076aeea4470df35,800853,515,"HTML document footer"
6e9705e2fa95cc000836fa4ef60deb9d955072a6129d5566c076aeea4470df35,800853,515,"HTML document header"
2492a79a622b8d29080ff05798ea0b9169aca68b8d3559d622eb1334b32d2c3a,800853,516,"HTML document footer"
2492a79a622b8d29080ff05798ea0b9169aca68b8d3559d622eb1334b32d2c3a,800853,516,"HTML document header"
dd5dc2e36d5bcbb1f0a24224a510aade1a172884e35db931bf2b89ae48fc2047,800853,503,"HTML document footer"
dd5dc2e36d5bcbb1f0a24224a510aade1a172884e35db931bf2b89ae48fc2047,800853,503,"HTML document header"
f6a07b9db921dd3a125b08e38f07e1a36774e97501548bf5e7d250728f57eb48,800853,514,"HTML document footer"
f6a07b9db921dd3a125b08e38f07e1a36774e97501548bf5e7d250728f57eb48,800853,514,"HTML document header"
75ea67c0d44ed7014574cd3f6bcf6a483c8763e298cf9fcf68a71373de72a949,800853,513,"HTML document footer"
75ea67c0d44ed7014574cd3f6bcf6a483c8763e298cf9fcf68a71373de72a949,800853,513,"HTML document header"
c0fec1e14f9877a34c586d530827ee9ebc0045d598e7dc9fed73712552201c4c,800853,505,"HTML document footer"
c0fec1e14f9877a34c586d530827ee9ebc0045d598e7dc9fed73712552201c4c,800853,505,"HTML document header"
e0b543c66a055619ab5d15a57099a5b82666b77e3271445fc2f5bbc336fd5f52,800853,515,"HTML document footer"
e0b543c66a055619ab5d15a57099a5b82666b77e3271445fc2f5bbc336fd5f52,800853,515,"HTML document header"
c13520faa013c489b2432365da79a3d395a3b488d1cefb2ebd433ba3bee9c852,800853,504,"HTML document footer"
c13520faa013c489b2432365da79a3d395a3b488d1cefb2ebd433ba3bee9c852,800853,504,"HTML document header"
0da6227130d311c200b2077567eed527f603babae62e94ec55403ef384275c55,800853,517,"HTML document footer"
0da6227130d311c200b2077567eed527f603babae62e94ec55403ef384275c55,800853,517,"HTML document header"
933c74cff6541573548c77cf4c79827ccd1b0149413147b9460383655f1fec56,800853,515,"HTML document footer"
933c74cff6541573548c77cf4c79827ccd1b0149413147b9460383655f1fec56,800853,515,"HTML document header"
4f5a765469908c7cd3cfbb0ed1be22d68f842f1e962c4fec4a89cde4d6096c5a,800853,517,"HTML document footer"
4f5a765469908c7cd3cfbb0ed1be22d68f842f1e962c4fec4a89cde4d6096c5a,800853,517,"HTML document header"
7265ccc3b9c74ca42bc3caeb5e0052bdcb7048ccf5464603e58248908eb03d5c,800853,516,"HTML document footer"
7265ccc3b9c74ca42bc3caeb5e0052bdcb7048ccf5464603e58248908eb03d5c,800853,516,"HTML document header"
fd7e51909a69e028562214ab2e9f27e56701944f1b27cbdc673214f34456ee5f,800853,504,"HTML document footer"
fd7e51909a69e028562214ab2e9f27e56701944f1b27cbdc673214f34456ee5f,800853,504,"HTML document header"
3b1ee94006b1c973c5f03ab499c56060708c870559dc176d44a5b414bdc25a63,800853,516,"HTML document footer"
3b1ee94006b1c973c5f03ab499c56060708c870559dc176d44a5b414bdc25a63,800853,516,"HTML document header"
38d18838a5e0e165a33d7fc49d6ec228bebdf256fd94b07cf603ab93cbd8b063,800853,504,"HTML document footer"
38d18838a5e0e165a33d7fc49d6ec228bebdf256fd94b07cf603ab93cbd8b063,800853,504,"HTML document header"
dc9c89c2e2d413db2498112f458f3b9eae559d3048e1d78a67a95e6150dcb263,800853,516,"HTML document footer"
dc9c89c2e2d413db2498112f458f3b9eae559d3048e1d78a67a95e6150dcb263,800853,516,"HTML document header"
d0df5530a818a90d374727f97a9202dfadccf17b23e45899006496170af0c76c,800853,515,"HTML document footer"
d0df5530a818a90d374727f97a9202dfadccf17b23e45899006496170af0c76c,800853,515,"HTML document header"
0c0beb445a37ac2be978d73158df516a83dc0bacbe997406e90130590dfb666f,800853,503,"HTML document footer"
0c0beb445a37ac2be978d73158df516a83dc0bacbe997406e90130590dfb666f,800853,503,"HTML document header"
2a68341c0cabe5f8cfcab0e8c9a2d26f0bd4c84170cb838e79855d87b567f86f,800853,44541,"JPEG image data, JFIF standard 1.01"
ee428ae4f59c34564d63dee3eeffefec44f4238d8bd4c31084576b1bee2ba371,800853,515,"HTML document footer"
ee428ae4f59c34564d63dee3eeffefec44f4238d8bd4c31084576b1bee2ba371,800853,515,"HTML document header"
2a510a6123ef13d9d0bc8893fe61a123f613ca452853bba4d02851b0e34cfa76,800853,516,"HTML document footer"
2a510a6123ef13d9d0bc8893fe61a123f613ca452853bba4d02851b0e34cfa76,800853,516,"HTML document header"
c17f98ff7087c62ed1ea180ece02be7c007ab120131b1afd93a312d5e4538289,800853,503,"HTML document footer"
c17f98ff7087c62ed1ea180ece02be7c007ab120131b1afd93a312d5e4538289,800853,503,"HTML document header"
bd6f46f5d3a4d678b60b7652877b698a80bc1b69eb7471eb06ee6108be3f2b8a,800853,504,"HTML document footer"
bd6f46f5d3a4d678b60b7652877b698a80bc1b69eb7471eb06ee6108be3f2b8a,800853,504,"HTML document header"
e785d1664aab2c40fabe70cfb324ae777722164f5ab1c21616ba4f1c2541738f,800853,503,"HTML document footer"
e785d1664aab2c40fabe70cfb324ae777722164f5ab1c21616ba4f1c2541738f,800853,503,"HTML document header"
da16e9689bd14f5103dc798c2ed9e33e5e36b56221fd8ad7fbd59e19326b2d90,800853,515,"HTML document footer"
da16e9689bd14f5103dc798c2ed9e33e5e36b56221fd8ad7fbd59e19326b2d90,800853,515,"HTML document header"
9dd6bbe31393f4003bfa9f8c7b86982142b15893ac07f6b4970dc82141f67390,800853,515,"HTML document footer"
9dd6bbe31393f4003bfa9f8c7b86982142b15893ac07f6b4970dc82141f67390,800853,515,"HTML document header"
a414ff18bfad26b80722e085ba3d830bfc9f02b1a2403b637a6090945da51b95,800853,514,"HTML document footer"
a414ff18bfad26b80722e085ba3d830bfc9f02b1a2403b637a6090945da51b95,800853,514,"HTML document header"
6180b876fa7dbef9cb42d927535ace0104561ccb493493865955e23da11c1b96,800853,503,"HTML document footer"
6180b876fa7dbef9cb42d927535ace0104561ccb493493865955e23da11c1b96,800853,503,"HTML document header"
2ea3b0f1b2ddb2e575dd29ee30dc9e9cac32cc6d21633ec7f4913c5b53e5689a,800853,518,"HTML document footer"
2ea3b0f1b2ddb2e575dd29ee30dc9e9cac32cc6d21633ec7f4913c5b53e5689a,800853,518,"HTML document header"
c42223ccb8ebe19c377bb3296ec509369281fa1434cb7eed964f77527191ba9c,800853,503,"HTML document footer"
c42223ccb8ebe19c377bb3296ec509369281fa1434cb7eed964f77527191ba9c,800853,503,"HTML document header"
74c35d3dae818beaf989f3f9aece4f41b625b41c7ca35478dd8f66b4f06ad29d,800853,518,"HTML document footer"
74c35d3dae818beaf989f3f9aece4f41b625b41c7ca35478dd8f66b4f06ad29d,800853,518,"HTML document header"
e1fcf10ec3b6bfa043ed7fccc33f8bc6d16a66d8a01dfa6ef9566a60caadf39f,800853,504,"HTML document footer"
e1fcf10ec3b6bfa043ed7fccc33f8bc6d16a66d8a01dfa6ef9566a60caadf39f,800853,504,"HTML document header"
d187d6e0709e013d349794909f10cab9b49bec2adce8e870e3fda9d2464afda1,800853,518,"HTML document footer"
d187d6e0709e013d349794909f10cab9b49bec2adce8e870e3fda9d2464afda1,800853,518,"HTML document header"
5cda36dc2696639be3d9732211c0136489b347ab4551c56fc02ea337d457fea2,800853,503,"HTML document footer"
5cda36dc2696639be3d9732211c0136489b347ab4551c56fc02ea337d457fea2,800853,503,"HTML document header"
c054a67185784c2bf2dff133b83415afd44aca2c5f5c4638d0a61a8ace2b60a6,800853,516,"HTML document footer"
c054a67185784c2bf2dff133b83415afd44aca2c5f5c4638d0a61a8ace2b60a6,800853,516,"HTML document header"
b98d7ceb41b779498aafcc7095315bd8c03e1a4f64c7b0745507359966a819a7,800853,515,"HTML document footer"
b98d7ceb41b779498aafcc7095315bd8c03e1a4f64c7b0745507359966a819a7,800853,515,"HTML document header"
205a04572dfc4be75458e5971f13143e0412851b3e07e7748f139d087c8d58a7,800853,514,"HTML document footer"
205a04572dfc4be75458e5971f13143e0412851b3e07e7748f139d087c8d58a7,800853,514,"HTML document header"
091b09040dc6387d8d212336f13d69eae22b57256ff8086e5c935582750d70b4,800853,517,"HTML document footer"
091b09040dc6387d8d212336f13d69eae22b57256ff8086e5c935582750d70b4,800853,517,"HTML document header"
5e93cee1cd139df81ff8902f37a18cfa1bf991d3b29505aaca0387da0e0fd9b4,800853,513,"HTML document footer"
5e93cee1cd139df81ff8902f37a18cfa1bf991d3b29505aaca0387da0e0fd9b4,800853,513,"HTML document header"
84f0c14c30b5b875dc4b89d92099da2b03d3efa551b7a6b81923994f93f87ebb,800853,503,"HTML document footer"
84f0c14c30b5b875dc4b89d92099da2b03d3efa551b7a6b81923994f93f87ebb,800853,503,"HTML document header"
b9eeec52153bb860495af8318e4b36996314b61cd4455a1434ccefb5b35508bd,800853,516,"HTML document footer"
b9eeec52153bb860495af8318e4b36996314b61cd4455a1434ccefb5b35508bd,800853,516,"HTML document header"
b65e39fd9cb6a2f85d9b37113a75aebd62e29672c3c3ca391223e971688b36c0,800853,515,"HTML document footer"
b65e39fd9cb6a2f85d9b37113a75aebd62e29672c3c3ca391223e971688b36c0,800853,515,"HTML document header"
8c2b5e57e97d97e56f3944f4644c3bc5316e6f453b134a66f69a183b44a498c0,800853,516,"HTML document footer"
8c2b5e57e97d97e56f3944f4644c3bc5316e6f453b134a66f69a183b44a498c0,800853,516,"HTML document header"
c1522136120f25608a0898f0d312c185d96a0eee632d61c83834e9150f01b2c0,800853,502,"HTML document footer"
c1522136120f25608a0898f0d312c185d96a0eee632d61c83834e9150f01b2c0,800853,502,"HTML document header"
c34497c03703a20c0937a978c74a3ef8980f61a61548a540cf7ebcf681f3dbc1,800853,516,"HTML document footer"
c34497c03703a20c0937a978c74a3ef8980f61a61548a540cf7ebcf681f3dbc1,800853,516,"HTML document header"
69ce95b9a1beda93bdb64a8f01a9b0be971771307d24b0077e0a7fb03f614bc5,800853,515,"HTML document footer"
69ce95b9a1beda93bdb64a8f01a9b0be971771307d24b0077e0a7fb03f614bc5,800853,515,"HTML document header"
8b0f312fc6319c1aa11bbc593595c1cb8e169a5b400d2ec1f5dfbe188a7bd5cb,800853,516,"HTML document footer"
8b0f312fc6319c1aa11bbc593595c1cb8e169a5b400d2ec1f5dfbe188a7bd5cb,800853,516,"HTML document header"
6fc905126742dbf60820f9bc85349b115f930dee649a8d03dca5164e86b580d3,800853,503,"HTML document footer"
6fc905126742dbf60820f9bc85349b115f930dee649a8d03dca5164e86b580d3,800853,503,"HTML document header"
f8a8dce279e753ec7c693fef47a09431cc1782f3d9513eb148295a85b434e1d5,800853,516,"HTML document footer"
f8a8dce279e753ec7c693fef47a09431cc1782f3d9513eb148295a85b434e1d5,800853,516,"HTML document header"
5fe9deda1f5143aeb6cbf641b5892acbd0b7053bcd272477c1fa80403df2a4d6,800853,517,"HTML document footer"
5fe9deda1f5143aeb6cbf641b5892acbd0b7053bcd272477c1fa80403df2a4d6,800853,517,"HTML document header"
7895a924c94664d4b78aa2d4d23f82de97531e8209969193840009334068f8dd,800853,514,"HTML document footer"
7895a924c94664d4b78aa2d4d23f82de97531e8209969193840009334068f8dd,800853,514,"HTML document header"
daa1420bda8155859f2729a6b9310fb2a2beb6a3703ec505adf3ee1661868ae1,800853,515,"HTML document footer"
daa1420bda8155859f2729a6b9310fb2a2beb6a3703ec505adf3ee1661868ae1,800853,515,"HTML document header"
5485ed08e46c1591b04c593ed14d8226bf90ffca8433a568f5d1084d20e2f1e2,800853,517,"HTML document footer"
5485ed08e46c1591b04c593ed14d8226bf90ffca8433a568f5d1084d20e2f1e2,800853,517,"HTML document header"
3d08f27f1891a7cd6ba8a3aa70ad6b3b2f16f9ba6db134d373e55014c0dd08e5,800853,514,"HTML document footer"
3d08f27f1891a7cd6ba8a3aa70ad6b3b2f16f9ba6db134d373e55014c0dd08e5,800853,514,"HTML document header"
be45a60065d6feb24166fae11d69a7cc5debbc3ebaa4fd31ac77c570eadf76e5,800853,516,"HTML document footer"
be45a60065d6feb24166fae11d69a7cc5debbc3ebaa4fd31ac77c570eadf76e5,800853,516,"HTML document header"
bbc090d38bc1999bce433db82b463fea286b004fe0e0090fa9196f7fd619fce9,800853,514,"HTML document footer"
bbc090d38bc1999bce433db82b463fea286b004fe0e0090fa9196f7fd619fce9,800853,514,"HTML document header"
6f73a40f816799db183de48fc1b4bfeec00a9c830b999dcaeaa1197b163c4beb,800853,516,"HTML document footer"
6f73a40f816799db183de48fc1b4bfeec00a9c830b999dcaeaa1197b163c4beb,800853,516,"HTML document header"
1efc647f8af2c07a7c4f7cb42c95819dc76c9efa4d32e34c73d0cabc8cdbd6eb,800853,517,"HTML document footer"
1efc647f8af2c07a7c4f7cb42c95819dc76c9efa4d32e34c73d0cabc8cdbd6eb,800853,517,"HTML document header"
b98654c3ae274b5bd09f9f82d64564ebb8e83e1c429024b643ec30f76e74a6ef,800853,504,"HTML document footer"
b98654c3ae274b5bd09f9f82d64564ebb8e83e1c429024b643ec30f76e74a6ef,800853,504,"HTML document header"
dc6b3d06708d071ceb98dbb87cb96119694d715b1f33a4702dccce609ae3ccef,800853,504,"HTML document footer"
dc6b3d06708d071ceb98dbb87cb96119694d715b1f33a4702dccce609ae3ccef,800853,504,"HTML document header"
76451d3d7c83b4a67854eef53cf9d0f7a699b2384c216d4fa6ad181b824a0cf2,800853,516,"HTML document footer"
76451d3d7c83b4a67854eef53cf9d0f7a699b2384c216d4fa6ad181b824a0cf2,800853,516,"HTML document header"
8c84c5b492ef6e1f4a67a94f323f4445f21ab3ac06bb2b5d9a20c5b57b736af3,800853,516,"HTML document footer"
8c84c5b492ef6e1f4a67a94f323f4445f21ab3ac06bb2b5d9a20c5b57b736af3,800853,516,"HTML document header"
9b5abbf1791dfeaeb63ba3776507029de1b0a642fe6a8b0efff2cb2b964353f4,800853,514,"HTML document footer"
9b5abbf1791dfeaeb63ba3776507029de1b0a642fe6a8b0efff2cb2b964353f4,800853,514,"HTML document header"
d2f50d0f7f9cb455a13bfab7ee7873764f19f3ec6f260981be6d0b7248c26df5,800853,514,"HTML document footer"
d2f50d0f7f9cb455a13bfab7ee7873764f19f3ec6f260981be6d0b7248c26df5,800853,514,"HTML document header"
e4796167febff4b92f8ca9dd046db14a1b055ae3bc8117ca0ad992eefed257fc,800853,519,"HTML document footer"
e4796167febff4b92f8ca9dd046db14a1b055ae3bc8117ca0ad992eefed257fc,800853,519,"HTML document header"
0967bbc085d99a166165e146c0d8283eee7e42e46c0c297a8e564258a29a24fd,800853,504,"HTML document footer"
0967bbc085d99a166165e146c0d8283eee7e42e46c0c297a8e564258a29a24fd,800853,504,"HTML document header"
d2321aa53e3acc701d43f9a93092cebc3e0a9b24f96a3754a3c4c0a89f4cd50f,800853,515,"HTML document footer"
d2321aa53e3acc701d43f9a93092cebc3e0a9b24f96a3754a3c4c0a89f4cd50f,800853,515,"HTML document header"
a0bc7162133fe4d033f4b675e3c6fe69cc13d2e9b770d41d9998593cc9c72d66,800853,515,"HTML document footer"
a0bc7162133fe4d033f4b675e3c6fe69cc13d2e9b770d41d9998593cc9c72d66,800853,515,"HTML document header"
2507da9a7784b8e6776929eb9d1b192fc8d1a8877c6f9974d942395c6f284074,800853,516,"HTML document footer"
2507da9a7784b8e6776929eb9d1b192fc8d1a8877c6f9974d942395c6f284074,800853,516,"HTML document header"
f9ad3af8dd66a5891995a09f934974155ab7f41f6212cbfbd25cb78aa06da68a,800853,515,"HTML document footer"
f9ad3af8dd66a5891995a09f934974155ab7f41f6212cbfbd25cb78aa06da68a,800853,515,"HTML document header"
064a2e0d60644882242ce3df0b83d6722540a45f6276538da4f40255b7798899,800853,515,"HTML document footer"
064a2e0d60644882242ce3df0b83d6722540a45f6276538da4f40255b7798899,800853,515,"HTML document header"
eec292a120a4eab9c7978c42213d851abeaaa04730997dc60f4be201ad1cd5f7,800853,516,"HTML document footer"
eec292a120a4eab9c7978c42213d851abeaaa04730997dc60f4be201ad1cd5f7,800853,516,"HTML document header"
d559a7aa1084def950f12d61e0018a745addaeada9bd24266a7228a60ff1a219,800853,514,"HTML document footer"
d559a7aa1084def950f12d61e0018a745addaeada9bd24266a7228a60ff1a219,800853,514,"HTML document header"
0cf0f9357878013a3609dd988970848b6510df3816b3724be443691b8fde2d52,800853,513,"HTML document footer"
0cf0f9357878013a3609dd988970848b6510df3816b3724be443691b8fde2d52,800853,513,"HTML document header"
7f2f379ccf1721036cb946e71bf157e28434fd13542182b471f2d50f9653e77d,800853,514,"HTML document footer"
7f2f379ccf1721036cb946e71bf157e28434fd13542182b471f2d50f9653e77d,800853,514,"HTML document header"
23944f728aede747639ca9fe88ff6a7b20827f837b005d498a714b0492b54f11,800853,505,"HTML document footer"
23944f728aede747639ca9fe88ff6a7b20827f837b005d498a714b0492b54f11,800853,505,"HTML document header"
f82f9cb637f8d30dc3a123d21121b599137d8f26e14dc043ad85dd2b6af49e20,800853,503,"HTML document footer"
f82f9cb637f8d30dc3a123d21121b599137d8f26e14dc043ad85dd2b6af49e20,800853,503,"HTML document header"
297d5a2db502c57cd6efc210feabb07e43fe270390c8a6a9e0c7d6a076a2b52c,800853,503,"HTML document footer"
297d5a2db502c57cd6efc210feabb07e43fe270390c8a6a9e0c7d6a076a2b52c,800853,503,"HTML document header"
7760fef18570a43359be65a3b77a7d455042840694a72d586caf1dd4824daa8b,800853,503,"HTML document footer"
7760fef18570a43359be65a3b77a7d455042840694a72d586caf1dd4824daa8b,800853,503,"HTML document header"
a1b141f0d3e7f2c4fedcbffc5454559d9669fdb62e805751be7d78522138c4ad,800853,504,"HTML document footer"
a1b141f0d3e7f2c4fedcbffc5454559d9669fdb62e805751be7d78522138c4ad,800853,504,"HTML document header"
89f1e7fff3436a243f1de508cba07d537627af8face9b419e90d9df3ec27a5c4,800853,504,"HTML document footer"
89f1e7fff3436a243f1de508cba07d537627af8face9b419e90d9df3ec27a5c4,800853,504,"HTML document header"
5ba30a2d6a2e78cf1c3990d97ea69d23e98114d3dbf339b2aa357b98e61d2cd0,800853,505,"HTML document footer"
5ba30a2d6a2e78cf1c3990d97ea69d23e98114d3dbf339b2aa357b98e61d2cd0,800853,505,"HTML document header"
075998273b013eaeaaac87ed2f20a4ef190c436d2388187862a6a7e771d91bdc,800853,503,"HTML document footer"
075998273b013eaeaaac87ed2f20a4ef190c436d2388187862a6a7e771d91bdc,800853,503,"HTML document header"
56f46592ec6388cfab96d2d1424a1815eba2ffc3b61149c279b59ca496f48cfd,800853,502,"HTML document footer"
56f46592ec6388cfab96d2d1424a1815eba2ffc3b61149c279b59ca496f48cfd,800853,502,"HTML document header"
8d035c8ff5bb1fbd21d64846b1e44c82f7fbcb0bcc3ec2ed94c5b5e5e0bd1611,800853,501,"HTML document footer"
8d035c8ff5bb1fbd21d64846b1e44c82f7fbcb0bcc3ec2ed94c5b5e5e0bd1611,800853,501,"HTML document header"
86e47b836c0e5b4296d24a0ff893f6ac0028a2cdd2887c69375de8aa26189b12,800853,514,"HTML document footer"
86e47b836c0e5b4296d24a0ff893f6ac0028a2cdd2887c69375de8aa26189b12,800853,514,"HTML document header"
feedf08561a0076abf021832a253db5e35d974492cb3c7d3c557b1dfa1f2ae16,800853,519,"HTML document footer"
feedf08561a0076abf021832a253db5e35d974492cb3c7d3c557b1dfa1f2ae16,800853,519,"HTML document header"
a78317ce4ca2d1574cfe52e09a81df141bfed69cadbbdb99ae63fa226752421c,800853,504,"HTML document footer"
a78317ce4ca2d1574cfe52e09a81df141bfed69cadbbdb99ae63fa226752421c,800853,504,"HTML document header"
fec0127e1ced344812203b3adbd1dac64269b694881008e5f9c572f16986072c,800853,516,"HTML document footer"
fec0127e1ced344812203b3adbd1dac64269b694881008e5f9c572f16986072c,800853,516,"HTML document header"
4c8afc7f7adfc02fc6e2b14e943a18f26f447198ad7f622a3d6415223068722d,800853,516,"HTML document footer"
4c8afc7f7adfc02fc6e2b14e943a18f26f447198ad7f622a3d6415223068722d,800853,516,"HTML document header"
fdd617eeb26129361090648a78ce6a507391bf58d183bcceb318b1854f326537,800853,505,"HTML document footer"
fdd617eeb26129361090648a78ce6a507391bf58d183bcceb318b1854f326537,800853,505,"HTML document header"
4e572044fad783f17fa1ccea2a124f471bac4d82f0b8270070e40d4e62d93f39,800853,514,"HTML document footer"
4e572044fad783f17fa1ccea2a124f471bac4d82f0b8270070e40d4e62d93f39,800853,514,"HTML document header"
8660b2e557749f01fb51afdf2a49767d48550113f63ca4db60d72214c0256139,800853,515,"HTML document footer"
8660b2e557749f01fb51afdf2a49767d48550113f63ca4db60d72214c0256139,800853,515,"HTML document header"
d5059063328f7ea82a547847631c427d0f072beb0e79b6ef680c177d1f612456,800853,513,"HTML document footer"
d5059063328f7ea82a547847631c427d0f072beb0e79b6ef680c177d1f612456,800853,513,"HTML document header"
83f9c32acf4c69ea69c6117735de26278a1d2d4e29866a204ed1c202c61b1b58,800853,515,"HTML document footer"
83f9c32acf4c69ea69c6117735de26278a1d2d4e29866a204ed1c202c61b1b58,800853,515,"HTML document header"
5493f62a614b6992d4fcf15030cd45ed3cebf5faf1b17dea4bb294ebe330595d,800853,502,"HTML document footer"
5493f62a614b6992d4fcf15030cd45ed3cebf5faf1b17dea4bb294ebe330595d,800853,502,"HTML document header"
55505312b10dc3fdb0028b0cc667dd791a19252ba1b28056a2ed10c523621c5e,800853,516,"HTML document footer"
55505312b10dc3fdb0028b0cc667dd791a19252ba1b28056a2ed10c523621c5e,800853,516,"HTML document header"
8702b1906ea9e8429f059f6d93a38a02b49e2576341e6791f3b6b2fd9fca745f,800853,516,"HTML document footer"
8702b1906ea9e8429f059f6d93a38a02b49e2576341e6791f3b6b2fd9fca745f,800853,516,"HTML document header"
37c6924585046310c7338d8029a53619a9c615a88c9c42d9ff2d6b52e277e46a,800853,513,"HTML document footer"
37c6924585046310c7338d8029a53619a9c615a88c9c42d9ff2d6b52e277e46a,800853,513,"HTML document header"
d281897071e2b5c2ab5bf1a27c481289dc858689d10373acd582781de0de7579,800853,505,"HTML document footer"
d281897071e2b5c2ab5bf1a27c481289dc858689d10373acd582781de0de7579,800853,505,"HTML document header"
dcc8dd3deb3f32c23ee56d166e32ec03743109154ac9e33f55ac97ecdf598281,800853,516,"HTML document footer"
dcc8dd3deb3f32c23ee56d166e32ec03743109154ac9e33f55ac97ecdf598281,800853,516,"HTML document header"
3de117c77a6f134d8cd5729a780505c96d613cfe37310976ba6e9c5dbf62d984,800853,516,"HTML document footer"
3de117c77a6f134d8cd5729a780505c96d613cfe37310976ba6e9c5dbf62d984,800853,516,"HTML document header"
e56dd84094f8414690a55d41dfc0c5513da23f44f06e45960bd269e122f2e689,800853,516,"HTML document footer"
e56dd84094f8414690a55d41dfc0c5513da23f44f06e45960bd269e122f2e689,800853,516,"HTML document header"
d5c4bfdf5e3bd125567f4c4efc4c5fb79a22c87a5dea0eefb118b277408a688a,800853,516,"HTML document footer"
d5c4bfdf5e3bd125567f4c4efc4c5fb79a22c87a5dea0eefb118b277408a688a,800853,516,"HTML document header"
f8ef2c32d6d6564ff4d23bcb9937e50f3b3c5b28206c19abe80bba53dc8a938a,800853,517,"HTML document footer"
f8ef2c32d6d6564ff4d23bcb9937e50f3b3c5b28206c19abe80bba53dc8a938a,800853,517,"HTML document header"
4d6a2614dffdf4ed4f2d7df975bb959aeb8c70c58be37378ff28924a3991548f,800853,516,"HTML document footer"
4d6a2614dffdf4ed4f2d7df975bb959aeb8c70c58be37378ff28924a3991548f,800853,516,"HTML document header"
8b1a37e62a03b19adecb511004936bd317c35b845eb4472e2e4419ecb02a7892,800853,504,"HTML document footer"
8b1a37e62a03b19adecb511004936bd317c35b845eb4472e2e4419ecb02a7892,800853,504,"HTML document header"
1ca65b7fd27e67d40b8b4fcd1a39dfd15b4e0c4a60835824d397af627bf2d39e,800853,519,"HTML document footer"
1ca65b7fd27e67d40b8b4fcd1a39dfd15b4e0c4a60835824d397af627bf2d39e,800853,519,"HTML document header"
33cf3a24ee20effa23d498da5c0f58f02683f645c6ed462ff65fa99d2e9a0ba6,800853,503,"HTML document footer"
33cf3a24ee20effa23d498da5c0f58f02683f645c6ed462ff65fa99d2e9a0ba6,800853,503,"HTML document header"
b2b8dba34ebbde35a72ad6b69502026ef31eda5b23766334f642ef4d6e736bac,800853,503,"HTML document footer"
b2b8dba34ebbde35a72ad6b69502026ef31eda5b23766334f642ef4d6e736bac,800853,503,"HTML document header"
4d6ea1f7ab36582ece3c3625da8ed5fce28da3e2170b5821d0cc52ff8f90fbcb,800853,515,"HTML document footer"
4d6ea1f7ab36582ece3c3625da8ed5fce28da3e2170b5821d0cc52ff8f90fbcb,800853,515,"HTML document header"
bd5dad785e14ba751bf078229918bf691f24d921de9c3a0c753dda0796cea1d3,800853,517,"HTML document footer"
bd5dad785e14ba751bf078229918bf691f24d921de9c3a0c753dda0796cea1d3,800853,517,"HTML document header"
75a20a1a0e25bc6bbc90be9bfe01d912a83d6b34208657b03765a405c302b2d5,800853,515,"HTML document footer"
75a20a1a0e25bc6bbc90be9bfe01d912a83d6b34208657b03765a405c302b2d5,800853,515,"HTML document header"
600a4b92b23af9d1d7559605aae82667fc859a3e94d533c117ba77af9d3c0ad6,800853,512,"HTML document footer"
600a4b92b23af9d1d7559605aae82667fc859a3e94d533c117ba77af9d3c0ad6,800853,512,"HTML document header"
fc4942055599482dbad1ee407dfe0262d2a86ff216c19c1915f8a7b9e6177cdc,800853,518,"HTML document footer"
fc4942055599482dbad1ee407dfe0262d2a86ff216c19c1915f8a7b9e6177cdc,800853,518,"HTML document header"
c8a38396ffb6d5005b6fda2a52dbfbfaa29fa19e0d4b3cba3b8c3629b7893fe1,800853,516,"HTML document footer"
c8a38396ffb6d5005b6fda2a52dbfbfaa29fa19e0d4b3cba3b8c3629b7893fe1,800853,516,"HTML document header"
490b47e79eb20d032a521777c92bbc85a038d1fe4cf671bfc5adb80ff81440e2,800853,516,"HTML document footer"
490b47e79eb20d032a521777c92bbc85a038d1fe4cf671bfc5adb80ff81440e2,800853,516,"HTML document header"
5b2f43f7f7a7bead98944241eb251fa62e5f7fbaf6909dc0bcda93d6a19acff4,800853,515,"HTML document footer"
5b2f43f7f7a7bead98944241eb251fa62e5f7fbaf6909dc0bcda93d6a19acff4,800853,515,"HTML document header"
30a9f0dd4a9a89c61f3a2b85ad4aef15ee050f6b8fee0a57a90082f20f71f5f7,800853,515,"HTML document footer"
30a9f0dd4a9a89c61f3a2b85ad4aef15ee050f6b8fee0a57a90082f20f71f5f7,800853,515,"HTML document header"
fbc4574339cad0f9a5efa3b243ec299f3feb9d8d490fca728b8e8666739c1c9c,800853,507,"HTML document footer"
fbc4574339cad0f9a5efa3b243ec299f3feb9d8d490fca728b8e8666739c1c9c,800853,507,"HTML document header"
5a57d3c31698ad582fffc5aebc7d657e48c58d3b202b6ec42e71d62b374bbc1a,800853,504,"HTML document footer"
5a57d3c31698ad582fffc5aebc7d657e48c58d3b202b6ec42e71d62b374bbc1a,800853,504,"HTML document header"
0151db5c027d4a902a4ebf906997963a0137d528d1b68ce458ea0cdcefcfcd42,800853,505,"HTML document footer"
0151db5c027d4a902a4ebf906997963a0137d528d1b68ce458ea0cdcefcfcd42,800853,505,"HTML document header"
05c93cb85e7749b5537d5397d1c1d5bc475fe85450c50e3eb2ecdbd1b1162caf,800853,503,"HTML document footer"
05c93cb85e7749b5537d5397d1c1d5bc475fe85450c50e3eb2ecdbd1b1162caf,800853,503,"HTML document header"
488b58ae3c665d7cf4cc262ad0fe6e7977a25eac6d99b2f0a768067ba5f50ab1,800853,505,"HTML document footer"
488b58ae3c665d7cf4cc262ad0fe6e7977a25eac6d99b2f0a768067ba5f50ab1,800853,505,"HTML document header"
5145b6cdf789e081d88771f74daafc8525f44e47ed61729bb424fb8c0c150e29,800853,502,"HTML document footer"
5145b6cdf789e081d88771f74daafc8525f44e47ed61729bb424fb8c0c150e29,800853,502,"HTML document header"
8f0cebe16c6fb7f0a8dc74ca1e6548a8e6475078573ea832a47f66e84078c133,800853,501,"HTML document footer"
8f0cebe16c6fb7f0a8dc74ca1e6548a8e6475078573ea832a47f66e84078c133,800853,501,"HTML document header"
b032c8cfbd1144c7266a0072abb2807a0e80a355389ef52e52f935c5ec0c85db,800853,502,"HTML document footer"
b032c8cfbd1144c7266a0072abb2807a0e80a355389ef52e52f935c5ec0c85db,800853,502,"HTML document header"
18c467a4037a159d814a1bc7980956036de96e133a38fd17891368b18602cded,800853,502,"HTML document footer"
18c467a4037a159d814a1bc7980956036de96e133a38fd17891368b18602cded,800853,502,"HTML document header"
71a9c3d7d05c69b83195983fc8b93aaaee46e4d86cb02890d9467d05b1d5a9af,800853,3300,"HTML document footer"
71a9c3d7d05c69b83195983fc8b93aaaee46e4d86cb02890d9467d05b1d5a9af,800853,3300,"HTML document header"
9eabffa1fa6a7ce839f72d78df6063764cce2e774bbe85e7bbbd95ab49f96e00,800853,514,"HTML document footer"
9eabffa1fa6a7ce839f72d78df6063764cce2e774bbe85e7bbbd95ab49f96e00,800853,514,"HTML document header"
74ae6ba21b6dbc9bc5145cd64950e494285a4c8e474850cc15c054919ba1ad03,800853,504,"HTML document footer"
74ae6ba21b6dbc9bc5145cd64950e494285a4c8e474850cc15c054919ba1ad03,800853,504,"HTML document header"
30c5f5c135c506ab7e42cd6fd9529aac9b80ad75479b655ce064ad23d2c86704,800853,505,"HTML document footer"
30c5f5c135c506ab7e42cd6fd9529aac9b80ad75479b655ce064ad23d2c86704,800853,505,"HTML document header"
125af6f1755700ffe038909e047454a3012855b471585e6f04618eed85ea6908,800853,502,"HTML document footer"
125af6f1755700ffe038909e047454a3012855b471585e6f04618eed85ea6908,800853,502,"HTML document header"
f13cecf1a8ca2abdff2a141451730026989500f818cd8c57bdbc1f26bc8b440b,800853,514,"HTML document footer"
f13cecf1a8ca2abdff2a141451730026989500f818cd8c57bdbc1f26bc8b440b,800853,514,"HTML document header"
efb960b4b807034c78bbb01115c29bb86a6564b791ce519b219fc1f87317920b,800853,514,"HTML document footer"
efb960b4b807034c78bbb01115c29bb86a6564b791ce519b219fc1f87317920b,800853,514,"HTML document header"
9873c4985ee4a51845713bc99a67445a328e2a9a2c12e560709c18a7a658980f,800853,516,"HTML document footer"
9873c4985ee4a51845713bc99a67445a328e2a9a2c12e560709c18a7a658980f,800853,516,"HTML document header"
a80d2a79f5f070f48815bbba5b180a48338a8cd5b94ee956ae23ebead9303b13,800853,514,"HTML document footer"
a80d2a79f5f070f48815bbba5b180a48338a8cd5b94ee956ae23ebead9303b13,800853,514,"HTML document header"
b0ad65445d4722a724a46288059b61b6054eea6e76479df8f7ba878e8bf37314,800853,502,"HTML document footer"
b0ad65445d4722a724a46288059b61b6054eea6e76479df8f7ba878e8bf37314,800853,502,"HTML document header"
4120c24d40d8b6059e7f6c96bbf37ae8b70f24fbf814b1977256c754a7ad6415,800853,515,"HTML document footer"
4120c24d40d8b6059e7f6c96bbf37ae8b70f24fbf814b1977256c754a7ad6415,800853,515,"HTML document header"
adcf2f4a04c63f6896e6961dbabad9acd1a3923fdc07e19eaf40aff69e55d918,800853,505,"HTML document footer"
adcf2f4a04c63f6896e6961dbabad9acd1a3923fdc07e19eaf40aff69e55d918,800853,505,"HTML document header"
64caf425caa2b09caba77c15cc7222d65b1a0c44eecb1b2015ae5c22bed68421,800853,503,"HTML document footer"
64caf425caa2b09caba77c15cc7222d65b1a0c44eecb1b2015ae5c22bed68421,800853,503,"HTML document header"
9252d764b9d7595c042e8391ca48cf389375c7f5af91cc22d47414a27d1d1322,800853,515,"HTML document footer"
9252d764b9d7595c042e8391ca48cf389375c7f5af91cc22d47414a27d1d1322,800853,515,"HTML document header"
5dc2231f6defdf4b0b384cbfd4587a0d03bca2c756b29dc5168b781ef807e326,800853,517,"HTML document footer"
5dc2231f6defdf4b0b384cbfd4587a0d03bca2c756b29dc5168b781ef807e326,800853,517,"HTML document header"
660653334fe541473e5304ab7fe6f70ed541fb5e1f3d2754958d07481bc04128,800853,518,"HTML document footer"
660653334fe541473e5304ab7fe6f70ed541fb5e1f3d2754958d07481bc04128,800853,518,"HTML document header"
2aeaa842690a77de0cd4f1e0bde4b13edc4897fb8ed46980589434412e359a29,800853,515,"HTML document footer"
2aeaa842690a77de0cd4f1e0bde4b13edc4897fb8ed46980589434412e359a29,800853,515,"HTML document header"
6ce850b801732aae2051e35b57a8874197f5ad8fc8030281bfbdb20136a3c82c,800853,503,"HTML document footer"
6ce850b801732aae2051e35b57a8874197f5ad8fc8030281bfbdb20136a3c82c,800853,503,"HTML document header"
8dab8c0fe306f7676c5df6f472a1e734a8ed8843d4377cd65ae6598b747c4e32,800853,502,"HTML document footer"
8dab8c0fe306f7676c5df6f472a1e734a8ed8843d4377cd65ae6598b747c4e32,800853,502,"HTML document header"
545ffc7e20298d7bf0da553dc25bccb9e2bccaa7483431645442d12884af6233,800853,513,"HTML document footer"
545ffc7e20298d7bf0da553dc25bccb9e2bccaa7483431645442d12884af6233,800853,513,"HTML document header"
0f317ac8e1b09e904839555d664304d5b5e59b0270603ee3d40bca6079bdfc39,800853,503,"HTML document footer"
0f317ac8e1b09e904839555d664304d5b5e59b0270603ee3d40bca6079bdfc39,800853,503,"HTML document header"
2d5374c9f82291dc4271b62ebe09e55a8531b6ed9ab3d1c273b8d9aa7f934444,800853,514,"HTML document footer"
2d5374c9f82291dc4271b62ebe09e55a8531b6ed9ab3d1c273b8d9aa7f934444,800853,514,"HTML document header"
8a1507bb8f512e379f4277f72c7c9d26172aa8f31c00ff1df84ea72c42fdf953,800853,514,"HTML document footer"
8a1507bb8f512e379f4277f72c7c9d26172aa8f31c00ff1df84ea72c42fdf953,800853,514,"HTML document header"
dedcd0dc42a1ed920cca5123de36f60519b7754283a12481e92ba7478d218354,800853,512,"HTML document footer"
dedcd0dc42a1ed920cca5123de36f60519b7754283a12481e92ba7478d218354,800853,512,"HTML document header"
0d462d4a3064dd9fd209c1ff57d2dd703328136e787b1d816d62b8f7c7f49458,800853,515,"HTML document footer"
0d462d4a3064dd9fd209c1ff57d2dd703328136e787b1d816d62b8f7c7f49458,800853,515,"HTML document header"
5fc57b6d17a3bb4098c9c87e7a894d654b45288e1df8eb3582b86fbc965caf58,800853,514,"HTML document footer"
5fc57b6d17a3bb4098c9c87e7a894d654b45288e1df8eb3582b86fbc965caf58,800853,514,"HTML document header"
7c07f889698fdaad7fd8b4e4e61b2cde9a46d2771fb45d5a9b9c91bb3eb1c95b,800853,518,"HTML document footer"
7c07f889698fdaad7fd8b4e4e61b2cde9a46d2771fb45d5a9b9c91bb3eb1c95b,800853,518,"HTML document header"
3ebbcda7197ad712d86eaf16e09ea249087485f24b06e32e2ec718bb6d57cd6b,800853,506,"HTML document footer"
3ebbcda7197ad712d86eaf16e09ea249087485f24b06e32e2ec718bb6d57cd6b,800853,506,"HTML document header"
500a3129ae346ed420ad272ca463dc1049693b4edce5ab8a89bc4b7406c1da6b,800853,504,"HTML document footer"
500a3129ae346ed420ad272ca463dc1049693b4edce5ab8a89bc4b7406c1da6b,800853,504,"HTML document header"
0b017adcdc3f3a0554098f5cb39d7b230f75f23bc0f6658ae3449a979755556d,800853,517,"HTML document footer"
0b017adcdc3f3a0554098f5cb39d7b230f75f23bc0f6658ae3449a979755556d,800853,517,"HTML document header"
170b178f3f9e96986a6bc63daaab45676e6767022a60eaaa53f860870fbc4672,800853,506,"HTML document footer"
170b178f3f9e96986a6bc63daaab45676e6767022a60eaaa53f860870fbc4672,800853,506,"HTML document header"
70e6a319ddc7ef15003b9bbac9f4205262304a964461acfb126a0cd253bc6e77,800853,516,"HTML document footer"
70e6a319ddc7ef15003b9bbac9f4205262304a964461acfb126a0cd253bc6e77,800853,516,"HTML document header"
04852e4f6b55f4be0a91413b8f29d6e9b4136424176b88dfb7ae45b4e3f88f79,800853,516,"HTML document footer"
04852e4f6b55f4be0a91413b8f29d6e9b4136424176b88dfb7ae45b4e3f88f79,800853,516,"HTML document header"
0d710e71fea4f98540d7c6f6ffa41b797e810771e8705420bce12f919d183285,800853,515,"HTML document footer"
0d710e71fea4f98540d7c6f6ffa41b797e810771e8705420bce12f919d183285,800853,515,"HTML document header"
e2bf4ed441ce5b4846bedcd6ebf86ee100da09c9fc1a5e14772e5aa54c33d891,800853,503,"HTML document footer"
e2bf4ed441ce5b4846bedcd6ebf86ee100da09c9fc1a5e14772e5aa54c33d891,800853,503,"HTML document header"
bd9a503da463e26a9555d94695f0eca9599b6249c53ac7efee2f88d2ce625d93,800853,516,"HTML document footer"
bd9a503da463e26a9555d94695f0eca9599b6249c53ac7efee2f88d2ce625d93,800853,516,"HTML document header"
e5601ce64ebc48afdbbdf13ea1fde9d76af744869d34b5f8f026fe759fe39394,800853,516,"HTML document footer"
e5601ce64ebc48afdbbdf13ea1fde9d76af744869d34b5f8f026fe759fe39394,800853,516,"HTML document header"
d934d323fc3e1bb951d1390e91ef197aa27ebcce234bd79919da523a7db0c494,800853,505,"HTML document footer"
d934d323fc3e1bb951d1390e91ef197aa27ebcce234bd79919da523a7db0c494,800853,505,"HTML document header"
315f4e7194aece0a988e4910a40f43da8a654154d1d3f0c621ba31a0f0e24a9a,800853,514,"HTML document footer"
315f4e7194aece0a988e4910a40f43da8a654154d1d3f0c621ba31a0f0e24a9a,800853,514,"HTML document header"
439febb4e38d036577ca4c04325db6f3175e50cdbf4bf0b03bae0f16d1cd709b,800853,516,"HTML document footer"
439febb4e38d036577ca4c04325db6f3175e50cdbf4bf0b03bae0f16d1cd709b,800853,516,"HTML document header"
020b011c6310f692312534888fdcffb47078ff8cdf8fd48d2ee453204844e09d,800853,517,"HTML document footer"
020b011c6310f692312534888fdcffb47078ff8cdf8fd48d2ee453204844e09d,800853,517,"HTML document header"
3fd711ca78f59596ad1d19e5ba510239ec7e26ce57bfc218ec3d00d66da616a4,800853,517,"HTML document footer"
3fd711ca78f59596ad1d19e5ba510239ec7e26ce57bfc218ec3d00d66da616a4,800853,517,"HTML document header"
eb63ac4032ce8698f215309fdbb299ac0907572538162780d43e76ff6f8faca5,800853,514,"HTML document footer"
eb63ac4032ce8698f215309fdbb299ac0907572538162780d43e76ff6f8faca5,800853,514,"HTML document header"
ae26c804ed611d49d1ef987066f0bed5e69678bd5954975fb743357addba90a9,800853,504,"HTML document footer"
ae26c804ed611d49d1ef987066f0bed5e69678bd5954975fb743357addba90a9,800853,504,"HTML document header"
881781dd45e1d79a4a2b8504f2c9a2900f950b2db6190869f425edf52df311aa,800853,515,"HTML document footer"
881781dd45e1d79a4a2b8504f2c9a2900f950b2db6190869f425edf52df311aa,800853,515,"HTML document header"
45b419e883bc19bee4f7b22b9b39b91619ecce3cd11c41effb68f431f43a6cac,800853,516,"HTML document footer"
45b419e883bc19bee4f7b22b9b39b91619ecce3cd11c41effb68f431f43a6cac,800853,516,"HTML document header"
193e9ffa33de4f18772ae6769d1b412dc93d5cbd239ec2d7f61eac5a752f30af,800853,517,"HTML document footer"
193e9ffa33de4f18772ae6769d1b412dc93d5cbd239ec2d7f61eac5a752f30af,800853,517,"HTML document header"
2006345ded8dfcbfc71d0613718ca15dc83442d87a516157b2518672d6d256b5,800853,515,"HTML document footer"
2006345ded8dfcbfc71d0613718ca15dc83442d87a516157b2518672d6d256b5,800853,515,"HTML document header"
e8f7aebfab617d6c0bed09059736362032f68c801156a01fdfe75596eccebebc,800853,516,"HTML document footer"
e8f7aebfab617d6c0bed09059736362032f68c801156a01fdfe75596eccebebc,800853,516,"HTML document header"
f2485f0748ff338b7a963bbde342041e23fedca6b481244b1eee1420a10c14be,800853,516,"HTML document footer"
f2485f0748ff338b7a963bbde342041e23fedca6b481244b1eee1420a10c14be,800853,516,"HTML document header"
7371858d3ab2ccf99d81eb15676eb36fcc31bd51145d5b55a8436e71d66b4dbe,800853,500,"HTML document footer"
7371858d3ab2ccf99d81eb15676eb36fcc31bd51145d5b55a8436e71d66b4dbe,800853,500,"HTML document header"
0fca4357160c499d4884252113706ba217cbcadf26bb373827c69308f44a24c4,800853,517,"HTML document footer"
0fca4357160c499d4884252113706ba217cbcadf26bb373827c69308f44a24c4,800853,517,"HTML document header"
8d4d5e2e9c19cb22c27c48db630bce2576ace37dc42afd3961c6516806d4aac7,800853,517,"HTML document footer"
8d4d5e2e9c19cb22c27c48db630bce2576ace37dc42afd3961c6516806d4aac7,800853,517,"HTML document header"
e8dadf7dc774c0a1f851bd3ffffa3e289d0eefc51ee4c973c6c495331955d3d6,800853,516,"HTML document footer"
e8dadf7dc774c0a1f851bd3ffffa3e289d0eefc51ee4c973c6c495331955d3d6,800853,516,"HTML document header"
f7808302ff6676a8bbc45631461fa9117079cea6dcfa46315aff9841e70d80da,800853,514,"HTML document footer"
f7808302ff6676a8bbc45631461fa9117079cea6dcfa46315aff9841e70d80da,800853,514,"HTML document header"
1fabe544270c6ed93b93e2d55848589ab932746eab28b7a6ae9b9fa0ed93d4dd,800853,513,"HTML document footer"
1fabe544270c6ed93b93e2d55848589ab932746eab28b7a6ae9b9fa0ed93d4dd,800853,513,"HTML document header"
899399333ecc7993c4b36f4f30b96a2511c046f1466745a9bd4c45842840b6df,800853,501,"HTML document footer"
899399333ecc7993c4b36f4f30b96a2511c046f1466745a9bd4c45842840b6df,800853,501,"HTML document header"
3ce68a0d47b04250f2040a6282c96aab8e5b61d13f55e4f2b0ed41d082279ae0,800853,512,"HTML document footer"
3ce68a0d47b04250f2040a6282c96aab8e5b61d13f55e4f2b0ed41d082279ae0,800853,512,"HTML document header"
e62da7033cc4de938af1060ca0d8c5e5ebe0edd79be62cc247f94122ea7643ea,800853,517,"HTML document footer"
e62da7033cc4de938af1060ca0d8c5e5ebe0edd79be62cc247f94122ea7643ea,800853,517,"HTML document header"
673bb2ad242b581f65e360cfdf8848ba896456eec49aeb77b915ffd62ec82fec,800853,504,"HTML document footer"
673bb2ad242b581f65e360cfdf8848ba896456eec49aeb77b915ffd62ec82fec,800853,504,"HTML document header"
b34c8e1aa9c9029df66e5ac650664631e80137b5d4f65cbf39fcd454ccd63aed,800853,504,"HTML document footer"
b34c8e1aa9c9029df66e5ac650664631e80137b5d4f65cbf39fcd454ccd63aed,800853,504,"HTML document header"
6e0c6e04f3164e2eb44456fe8feecfc063e2357e7f31068265d92f06d57b98f5,800853,517,"HTML document footer"
6e0c6e04f3164e2eb44456fe8feecfc063e2357e7f31068265d92f06d57b98f5,800853,517,"HTML document header"
3e63e2944c1c38e9120ddfb3c8359f6c1f77dd794cc417d5b2030fb5acc909f9,800853,517,"HTML document footer"
3e63e2944c1c38e9120ddfb3c8359f6c1f77dd794cc417d5b2030fb5acc909f9,800853,517,"HTML document header"
46bc1f5ac33de164134e7809211f18878099230ea8c87930a9c6ccc77d515cf9,800853,516,"HTML document footer"
46bc1f5ac33de164134e7809211f18878099230ea8c87930a9c6ccc77d515cf9,800853,516,"HTML document header"
69310813afc8f9c282c9f258b2aad5a69f948da4187e54f49b9b0e21e5e304fc,800853,503,"HTML document footer"
69310813afc8f9c282c9f258b2aad5a69f948da4187e54f49b9b0e21e5e304fc,800853,503,"HTML document header"
e74e69a1d0212e5b6f9d63ea80475110346d90aacd74fda486d3ba9654e207fe,800853,512,"HTML document footer"
e74e69a1d0212e5b6f9d63ea80475110346d90aacd74fda486d3ba9654e207fe,800853,512,"HTML document header"
b901454c916677cf719b7593eb8b74e3648f3afdb0f67d37f4c0da1cbbaf2d07,800853,515,"HTML document footer"
b901454c916677cf719b7593eb8b74e3648f3afdb0f67d37f4c0da1cbbaf2d07,800853,515,"HTML document header"
737d89b1a2437fbf277b3c9b1ef3382de78ca829b6e51d2ea695b3b6432a3348,800853,516,"HTML document footer"
737d89b1a2437fbf277b3c9b1ef3382de78ca829b6e51d2ea695b3b6432a3348,800853,516,"HTML document header"
382b0255d7f7640480fe835890cc60ec9b851eacc96808a4e7f8660e6c348d6d,800853,516,"HTML document footer"
382b0255d7f7640480fe835890cc60ec9b851eacc96808a4e7f8660e6c348d6d,800853,516,"HTML document header"
3c02740b220932c39852b1040fb75d79e7555be4c7ae99a6f7a84b50163c95c0,800853,513,"HTML document footer"
3c02740b220932c39852b1040fb75d79e7555be4c7ae99a6f7a84b50163c95c0,800853,513,"HTML document header"
a1fcf8d8d6bb0dcadcdfaa2d78a8fbf2d2fa28c01b0a718465ea46d9df51540b,800853,507,"HTML document footer"
a1fcf8d8d6bb0dcadcdfaa2d78a8fbf2d2fa28c01b0a718465ea46d9df51540b,800853,507,"HTML document header"
499aa5a05a6a8b6fef3620b78f81c2fb22697d13c819b06b1b5f4d32a13fc8ca,800853,507,"HTML document footer"
499aa5a05a6a8b6fef3620b78f81c2fb22697d13c819b06b1b5f4d32a13fc8ca,800853,507,"HTML document header"
6f39dcde8be93260aae6c7fd57e9d92b423f65e11fee3ef0ef2023e780b2560c,800853,504,"HTML document footer"
6f39dcde8be93260aae6c7fd57e9d92b423f65e11fee3ef0ef2023e780b2560c,800853,504,"HTML document header"
6c03c8cbf1fb8ffe97d938c3ee3955f998b6d808f401f19b1a5de356a046da12,800853,503,"HTML document footer"
6c03c8cbf1fb8ffe97d938c3ee3955f998b6d808f401f19b1a5de356a046da12,800853,503,"HTML document header"
aa6bf6749be504e3988c8a6b42ff85c02492cce9689d422a671307a6ee81c51d,800853,504,"HTML document footer"
aa6bf6749be504e3988c8a6b42ff85c02492cce9689d422a671307a6ee81c51d,800853,504,"HTML document header"
d5dca85ec15bca66332a381c050bfa11e4a205ae128dc5aced844900d2992729,800853,505,"HTML document footer"
d5dca85ec15bca66332a381c050bfa11e4a205ae128dc5aced844900d2992729,800853,505,"HTML document header"
def20b748249dc52b7b0bdcd1490ec90a1dbe20b73788a9c698c7596995a1334,800853,505,"HTML document footer"
def20b748249dc52b7b0bdcd1490ec90a1dbe20b73788a9c698c7596995a1334,800853,505,"HTML document header"
c20e1ec35317655298c18b3081c6bca14e4d8e63ba7212be7e65b2bf62c40345,800853,503,"HTML document footer"
c20e1ec35317655298c18b3081c6bca14e4d8e63ba7212be7e65b2bf62c40345,800853,503,"HTML document header"
06182053799254fa9a48eb7b65ad4551c9694ef050cccbabc724ba90ecce6c59,800853,506,"HTML document footer"
06182053799254fa9a48eb7b65ad4551c9694ef050cccbabc724ba90ecce6c59,800853,506,"HTML document header"
8b43dc4356aa187a290dd59b27cc4f4b01a0370c4308d9b3154b1969e7aef35a,800853,503,"HTML document footer"
8b43dc4356aa187a290dd59b27cc4f4b01a0370c4308d9b3154b1969e7aef35a,800853,503,"HTML document header"
7ee1fa858dd68a11ee5a474bb3f2be655031d0f5f519aa59970bc459b25a469d,800853,503,"HTML document footer"
7ee1fa858dd68a11ee5a474bb3f2be655031d0f5f519aa59970bc459b25a469d,800853,503,"HTML document header"
4cb57cb2bfe41c3277a62a80650a302f568a958e024b9a7aef08c2da79f37da2,800853,503,"HTML document footer"
4cb57cb2bfe41c3277a62a80650a302f568a958e024b9a7aef08c2da79f37da2,800853,503,"HTML document header"
17ebbba606fd2ddb2f7f0703fab603987f7924337b606fc4ce4710d8cadc96a5,800853,504,"HTML document footer"
17ebbba606fd2ddb2f7f0703fab603987f7924337b606fc4ce4710d8cadc96a5,800853,504,"HTML document header"
114559208abd204faa1a53b553fab783c9cfd0be86ee5ddcd7edced47bf3c0a7,800853,503,"HTML document footer"
114559208abd204faa1a53b553fab783c9cfd0be86ee5ddcd7edced47bf3c0a7,800853,503,"HTML document header"
8f488bc55628828f4e19eeee8c89896fc67a26e710d56498a0ff6bfd8f9a35c6,800853,503,"HTML document footer"
8f488bc55628828f4e19eeee8c89896fc67a26e710d56498a0ff6bfd8f9a35c6,800853,503,"HTML document header"
734749bcdc8b422a90b41821671f06952fdd5c97f2880cc52b4976380f6ed2cc,800853,504,"HTML document footer"
734749bcdc8b422a90b41821671f06952fdd5c97f2880cc52b4976380f6ed2cc,800853,504,"HTML document header"
cdacf3403dd3013c0244a98ec1449f37f5e1c709bc4456037f609ed5d6fa62dd,800853,503,"HTML document footer"
cdacf3403dd3013c0244a98ec1449f37f5e1c709bc4456037f609ed5d6fa62dd,800853,503,"HTML document header"
0e4255eb41105cc4e66af8737203987cdb9fbf6b1f7796461b9c746c5aa334e5,800853,506,"HTML document footer"
0e4255eb41105cc4e66af8737203987cdb9fbf6b1f7796461b9c746c5aa334e5,800853,506,"HTML document header"
81dc367ce648f5a76bd2bd8be938c39eeda10e79322210e0e6f8c3519e71dc3a,800853,501,"HTML document footer"
81dc367ce648f5a76bd2bd8be938c39eeda10e79322210e0e6f8c3519e71dc3a,800853,501,"HTML document header"
447e037dd9be1caac8bd55bab1bcf0db8f15a1eeb85b166d6ead60812ff43c5f,800853,502,"HTML document footer"
447e037dd9be1caac8bd55bab1bcf0db8f15a1eeb85b166d6ead60812ff43c5f,800853,502,"HTML document header"
8bef6070e17623d60f6328c7810b420f0d54838ec88b9a00f7b9efb2e0273469,800853,502,"HTML document footer"
8bef6070e17623d60f6328c7810b420f0d54838ec88b9a00f7b9efb2e0273469,800853,502,"HTML document header"
c1a9b97786872b92b5638d9afce91c56cf7da3093a1c537a8edadaff8c841585,800853,502,"HTML document footer"
c1a9b97786872b92b5638d9afce91c56cf7da3093a1c537a8edadaff8c841585,800853,502,"HTML document header"
ad1746ce239fc9592f703dd73cbe784f5e318d037626073bc5683f3fce196ab3,800853,502,"HTML document footer"
ad1746ce239fc9592f703dd73cbe784f5e318d037626073bc5683f3fce196ab3,800853,502,"HTML document header"
75e61d4b72ba09d0a42b448e62253e7662402e3d9da3ded42f08c7bf563743cd,800854,516,"HTML document footer"
75e61d4b72ba09d0a42b448e62253e7662402e3d9da3ded42f08c7bf563743cd,800854,516,"HTML document header"
7c29c511b9c4d4d05e5d5d973e09077c4c5cb53f59e3d701e5c1899ba0a3c607,800854,519,"HTML document footer"
7c29c511b9c4d4d05e5d5d973e09077c4c5cb53f59e3d701e5c1899ba0a3c607,800854,519,"HTML document header"
c034422ba723868c4b69e1f18ea78139eb7f5fbd7c9ccfd76f45cb65f6a11a08,800854,515,"HTML document footer"
c034422ba723868c4b69e1f18ea78139eb7f5fbd7c9ccfd76f45cb65f6a11a08,800854,515,"HTML document header"
8804d9305575c7c768ab2965057e0c5b05b1eae59d439613af8899b6a3cf4e0b,800854,517,"HTML document footer"
8804d9305575c7c768ab2965057e0c5b05b1eae59d439613af8899b6a3cf4e0b,800854,517,"HTML document header"
b23a9eb39ff6da68b91f1cc23903be3b963844169b7064e49b9c40ebfabc820c,800854,514,"HTML document footer"
b23a9eb39ff6da68b91f1cc23903be3b963844169b7064e49b9c40ebfabc820c,800854,514,"HTML document header"
e6e02050dc44756d1dd3b2e4a8f810542555d141ed4617d072a095ff739d4711,800854,505,"HTML document footer"
e6e02050dc44756d1dd3b2e4a8f810542555d141ed4617d072a095ff739d4711,800854,505,"HTML document header"
5cedbfd0d24251edec010a61ee680c841763af8e74b51f18e179a1f622ea1916,800854,517,"HTML document footer"
5cedbfd0d24251edec010a61ee680c841763af8e74b51f18e179a1f622ea1916,800854,517,"HTML document header"
88180076ae028e4ab19b2a9b6519e62909a0a13b92d2cd0209f12b94819fba18,800854,515,"HTML document footer"
88180076ae028e4ab19b2a9b6519e62909a0a13b92d2cd0209f12b94819fba18,800854,515,"HTML document header"
2efc9a00f3da1ac851e852f18df94102aa108a1f150f220e6afab64d293bfc1a,800854,515,"HTML document footer"
2efc9a00f3da1ac851e852f18df94102aa108a1f150f220e6afab64d293bfc1a,800854,515,"HTML document header"
9b1dd57015d30cb008fe5e2c73dedfb2f7287d0fca7b75a75cca339c34a16c20,800854,516,"HTML document footer"
9b1dd57015d30cb008fe5e2c73dedfb2f7287d0fca7b75a75cca339c34a16c20,800854,516,"HTML document header"
057637b80e97deb2d42e8a2f1082454d0bbd1499d4cbacdd9a44ecb0c64a5623,800854,516,"HTML document footer"
057637b80e97deb2d42e8a2f1082454d0bbd1499d4cbacdd9a44ecb0c64a5623,800854,516,"HTML document header"
83ec8edcdb233e24ef6152abd4d19c7dfacc5111e81225c87b379f539d337128,800854,514,"HTML document footer"
83ec8edcdb233e24ef6152abd4d19c7dfacc5111e81225c87b379f539d337128,800854,514,"HTML document header"
be91c65fc21290890f987d5523769ee24d05bdad798a31ee4a43adfdc1c5a129,800854,513,"HTML document footer"
be91c65fc21290890f987d5523769ee24d05bdad798a31ee4a43adfdc1c5a129,800854,513,"HTML document header"
909e49080ef0ef6cbae7f2c5cdb2d33c653496ef5259a17c2d784372b2ef9a2b,800854,516,"HTML document footer"
909e49080ef0ef6cbae7f2c5cdb2d33c653496ef5259a17c2d784372b2ef9a2b,800854,516,"HTML document header"
fd8cc957712e3b2b0a64f6ce608c03ad5b3a0eea55d3606461328c768705d72f,800854,517,"HTML document footer"
fd8cc957712e3b2b0a64f6ce608c03ad5b3a0eea55d3606461328c768705d72f,800854,517,"HTML document header"
ea88d5f1f9c74f720cb051dbae2a57bd588641dc8ebad97abc84d8c22af14a34,800854,514,"HTML document footer"
ea88d5f1f9c74f720cb051dbae2a57bd588641dc8ebad97abc84d8c22af14a34,800854,514,"HTML document header"
bde202c777b7e7f1be3b712c21b2e94155214fb25eb47ab059717dd84867183b,800854,517,"HTML document footer"
bde202c777b7e7f1be3b712c21b2e94155214fb25eb47ab059717dd84867183b,800854,517,"HTML document header"
21fb166d503a40f074e8486c74603c5bd446d0ea6e3b3a3b7c179e694607423d,800854,518,"HTML document footer"
21fb166d503a40f074e8486c74603c5bd446d0ea6e3b3a3b7c179e694607423d,800854,518,"HTML document header"
6f2cb0ad06895d0c0396421afb4599be6800799f48ed65121f1cd0d92aa44c47,800854,516,"HTML document footer"
6f2cb0ad06895d0c0396421afb4599be6800799f48ed65121f1cd0d92aa44c47,800854,516,"HTML document header"
a40adf27f0760535cb3328982ab7078505d91f70714be066ed53eef38499bb4b,800854,513,"HTML document footer"
a40adf27f0760535cb3328982ab7078505d91f70714be066ed53eef38499bb4b,800854,513,"HTML document header"
b28ebccf4d4f063acd0dbc0a4e33508d6314d491ab6cb034fcc1d967d5905a51,800854,518,"HTML document footer"
b28ebccf4d4f063acd0dbc0a4e33508d6314d491ab6cb034fcc1d967d5905a51,800854,518,"HTML document header"
ebbab18f5740afd166a926b9891d8c733f9f57349d83fd7efcb8482ff57f5158,800854,517,"HTML document footer"
ebbab18f5740afd166a926b9891d8c733f9f57349d83fd7efcb8482ff57f5158,800854,517,"HTML document header"
488386b4b4a2eaac03a064556e527c87e5aa4534d57f87c7d7fbef66685c2e5b,800854,516,"HTML document footer"
488386b4b4a2eaac03a064556e527c87e5aa4534d57f87c7d7fbef66685c2e5b,800854,516,"HTML document header"
9322861284805fc9a272ea2737df3359c6e7e1f35427a582c97dec2fe99ec75b,800854,516,"HTML document footer"
9322861284805fc9a272ea2737df3359c6e7e1f35427a582c97dec2fe99ec75b,800854,516,"HTML document header"
bbe188d71b6abb76c4228027243a81d0dd62489565f6c89470a31f36bb97ed5d,800854,503,"HTML document footer"
bbe188d71b6abb76c4228027243a81d0dd62489565f6c89470a31f36bb97ed5d,800854,503,"HTML document header"
76b7f91a93266aef6697b76b1445ca337f808c0ff02225532f457efd22709d5e,800854,516,"HTML document footer"
76b7f91a93266aef6697b76b1445ca337f808c0ff02225532f457efd22709d5e,800854,516,"HTML document header"
0ddcd9211829e6f60bdac0f9b3ca4790c81505b6fffe9ef75f2b42b5c65ad65f,800854,515,"HTML document footer"
0ddcd9211829e6f60bdac0f9b3ca4790c81505b6fffe9ef75f2b42b5c65ad65f,800854,515,"HTML document header"
e6d4687185c2e3ebfde1d4e39563b9c90e49540cb7d514ba16879958b7cf3c62,800854,516,"HTML document footer"
e6d4687185c2e3ebfde1d4e39563b9c90e49540cb7d514ba16879958b7cf3c62,800854,516,"HTML document header"
1cf161427b5fa8ba2943571567d851a1bf735eff8ca6c8b524d9617a013d6862,800854,503,"HTML document footer"
1cf161427b5fa8ba2943571567d851a1bf735eff8ca6c8b524d9617a013d6862,800854,503,"HTML document header"
64492e309c5ca37d277b66935a1dc4c400e99834a8eb15aa3016e37722005563,800854,518,"HTML document footer"
64492e309c5ca37d277b66935a1dc4c400e99834a8eb15aa3016e37722005563,800854,518,"HTML document header"
b5c343feddce7715cd993d32accf67577b18e650d2bfdd79dbfc4e19870f6a68,800854,512,"HTML document footer"
b5c343feddce7715cd993d32accf67577b18e650d2bfdd79dbfc4e19870f6a68,800854,512,"HTML document header"
879ab80880b714eafb531fe6436df954095215911c646cd89c8296374ab08e6a,800854,516,"HTML document footer"
879ab80880b714eafb531fe6436df954095215911c646cd89c8296374ab08e6a,800854,516,"HTML document header"
6de4d4b8eba43db3daa0a70d0f9a8e9f8e10ade164a96aa95155aa137a83c96b,800854,515,"HTML document footer"
6de4d4b8eba43db3daa0a70d0f9a8e9f8e10ade164a96aa95155aa137a83c96b,800854,515,"HTML document header"
35e4a7c2ebc49ecda9e57b12411332bc384f8434828764aec9d4a5823185e571,800854,515,"HTML document footer"
35e4a7c2ebc49ecda9e57b12411332bc384f8434828764aec9d4a5823185e571,800854,515,"HTML document header"
eb38157110415141298e5d076416a58cf68b6333d4a267da78d329b1b2954e75,800854,516,"HTML document footer"
eb38157110415141298e5d076416a58cf68b6333d4a267da78d329b1b2954e75,800854,516,"HTML document header"
3e73239477890f79350a9663e36505fda401427c6d43e370645da4c096ce7b78,800854,517,"HTML document footer"
3e73239477890f79350a9663e36505fda401427c6d43e370645da4c096ce7b78,800854,517,"HTML document header"
78f8da7c89019ae4bb3169bf23bf5474dc4f8d0364eb5312f242fcfe3bdec279,800854,505,"HTML document footer"
78f8da7c89019ae4bb3169bf23bf5474dc4f8d0364eb5312f242fcfe3bdec279,800854,505,"HTML document header"
1e0e1541397fc50c29989f3e68480b09494747918fce930ba32f04ce6245c084,800854,513,"HTML document footer"
1e0e1541397fc50c29989f3e68480b09494747918fce930ba32f04ce6245c084,800854,513,"HTML document header"
f64d40b047fcd61aa5e35639963ef3488849f3870e20f7a397a1501ea56a268b,800854,515,"HTML document footer"
f64d40b047fcd61aa5e35639963ef3488849f3870e20f7a397a1501ea56a268b,800854,515,"HTML document header"
c88928b14ab1fbaa0f90f0aab7a081624f90cd81bbc2aca95dac65be7066418f,800854,517,"HTML document footer"
c88928b14ab1fbaa0f90f0aab7a081624f90cd81bbc2aca95dac65be7066418f,800854,517,"HTML document header"
6db9f11c165ed5b0ca97b97204473b536f9eda33305e58d4c3738e134891eb8f,800854,514,"HTML document footer"
6db9f11c165ed5b0ca97b97204473b536f9eda33305e58d4c3738e134891eb8f,800854,514,"HTML document header"
2d8f8f7acfe3071b540a84b0474f36b5ed9802f8c7a1fa22dea0ec616f955191,800854,515,"HTML document footer"
2d8f8f7acfe3071b540a84b0474f36b5ed9802f8c7a1fa22dea0ec616f955191,800854,515,"HTML document header"
1d1a74f9c97b174fdfad7801ab940483faa50dcbe43607f6b7d9de771b2f4397,800854,515,"HTML document footer"
1d1a74f9c97b174fdfad7801ab940483faa50dcbe43607f6b7d9de771b2f4397,800854,515,"HTML document header"
3c2acf53b88852f887b0090cd767bf520135d47c2f6772f6a2d0792a59b3b499,800854,513,"HTML document footer"
3c2acf53b88852f887b0090cd767bf520135d47c2f6772f6a2d0792a59b3b499,800854,513,"HTML document header"
e35dbcc5f673da66947d142cd470f022c5455cc2579c6f6d373b9b029da1fc9b,800854,516,"HTML document footer"
e35dbcc5f673da66947d142cd470f022c5455cc2579c6f6d373b9b029da1fc9b,800854,516,"HTML document header"
3537ebb2a95ac88e44cc653c708f5cf4bb683d03e163f221af0bbe773b771fa4,800854,517,"HTML document footer"
3537ebb2a95ac88e44cc653c708f5cf4bb683d03e163f221af0bbe773b771fa4,800854,517,"HTML document header"
08c6554fb1b1f36f6513c21668ddb1a514677d4f0fadb1bc93887a71fc6930a8,800854,516,"HTML document footer"
08c6554fb1b1f36f6513c21668ddb1a514677d4f0fadb1bc93887a71fc6930a8,800854,516,"HTML document header"
869651b77a7db4919b14d11924daac3e7081f1b5f2f82abdf861f98d22041dad,800854,517,"HTML document footer"
869651b77a7db4919b14d11924daac3e7081f1b5f2f82abdf861f98d22041dad,800854,517,"HTML document header"
354db09f4dca68cacb1987307ae7922f2f0a1a1ffc6d77c8a0b047acfbacd0ad,800854,514,"HTML document footer"
354db09f4dca68cacb1987307ae7922f2f0a1a1ffc6d77c8a0b047acfbacd0ad,800854,514,"HTML document header"
1fc91c35a630eaa57720213a61c09ff4a5f4a61e137ebe85f27cfe21982699ae,800854,515,"HTML document footer"
1fc91c35a630eaa57720213a61c09ff4a5f4a61e137ebe85f27cfe21982699ae,800854,515,"HTML document header"
ab4ee4549abb65b79a3e09efb8ce688c583b9627d52565dccb8869d61d85abb0,800854,516,"HTML document footer"
ab4ee4549abb65b79a3e09efb8ce688c583b9627d52565dccb8869d61d85abb0,800854,516,"HTML document header"
753dc08e6c1a0570b26edbcb296e6d37346d7472be5f593235952fecba5f33b2,800854,516,"HTML document footer"
753dc08e6c1a0570b26edbcb296e6d37346d7472be5f593235952fecba5f33b2,800854,516,"HTML document header"
da7b89ff5f76cc521136cf7f1d654916dbd2bbcc51a64f7cf3752109c30569b2,800854,515,"HTML document footer"
da7b89ff5f76cc521136cf7f1d654916dbd2bbcc51a64f7cf3752109c30569b2,800854,515,"HTML document header"
e98135d6fde725f58c30a054ea302b86cb1fea8e5d14d4402fcd6c8dcdeac3bb,800854,519,"HTML document footer"
e98135d6fde725f58c30a054ea302b86cb1fea8e5d14d4402fcd6c8dcdeac3bb,800854,519,"HTML document header"
cb3924702e65ce66c5d8e95be5d31b25de9fdf58a686d3f8d7e4841dd8ceebbb,800854,514,"HTML document footer"
cb3924702e65ce66c5d8e95be5d31b25de9fdf58a686d3f8d7e4841dd8ceebbb,800854,514,"HTML document header"
38e83fd45122de0ee795a53f49bc5195aa9c81b0c41d7fc7b9a2e4aa877477be,800854,505,"HTML document footer"
38e83fd45122de0ee795a53f49bc5195aa9c81b0c41d7fc7b9a2e4aa877477be,800854,505,"HTML document header"
2ec3e950fb7fae2a7fe831a2ea09b332909c4acc4e11bf0f1ac6fe47124a18c8,800854,518,"HTML document footer"
2ec3e950fb7fae2a7fe831a2ea09b332909c4acc4e11bf0f1ac6fe47124a18c8,800854,518,"HTML document header"
540258f01172907084a29f1b5325eb63186382416983862244c8dd20057d75cb,800854,516,"HTML document footer"
540258f01172907084a29f1b5325eb63186382416983862244c8dd20057d75cb,800854,516,"HTML document header"
557adf4dd5784cf6cd2e14b403505e1bbb70dbc114e452d757bc6a42b92a5dd5,800854,512,"HTML document footer"
557adf4dd5784cf6cd2e14b403505e1bbb70dbc114e452d757bc6a42b92a5dd5,800854,512,"HTML document header"
6b559125508b26fd7a9ffb4a0bbd923f37b44482343e22ae23b9ecfbb4ac71db,800854,517,"HTML document footer"
6b559125508b26fd7a9ffb4a0bbd923f37b44482343e22ae23b9ecfbb4ac71db,800854,517,"HTML document header"
eea89401eb328bb83ae62f9fc11c77df01ac0de3bab73961214215ab0eb87fdb,800854,515,"HTML document footer"
eea89401eb328bb83ae62f9fc11c77df01ac0de3bab73961214215ab0eb87fdb,800854,515,"HTML document header"
d64f3caf7e3014a16686a1bd52342d51bc43eab5cdf45ef28151e6732639abdc,800854,514,"HTML document footer"
d64f3caf7e3014a16686a1bd52342d51bc43eab5cdf45ef28151e6732639abdc,800854,514,"HTML document header"
bb81c1b65cd81defe62867385398727738c68297881d46dc507f3a4322a2f7dc,800854,516,"HTML document footer"
bb81c1b65cd81defe62867385398727738c68297881d46dc507f3a4322a2f7dc,800854,516,"HTML document header"
cfd8253548ba240a751658001e1d80cb13db2bf82b842297ac6aab909bc3e0dd,800854,516,"HTML document footer"
cfd8253548ba240a751658001e1d80cb13db2bf82b842297ac6aab909bc3e0dd,800854,516,"HTML document header"
34647d9e2024546f23a3375a9d643eb8dda1fb4ace9b3185646c1628d2b45fe1,800854,516,"HTML document footer"
34647d9e2024546f23a3375a9d643eb8dda1fb4ace9b3185646c1628d2b45fe1,800854,516,"HTML document header"
f8ae1656de71f3e85e661d6bf6d7d029744b8c31432cb83c06b7019c69ba9fe4,800854,515,"HTML document footer"
f8ae1656de71f3e85e661d6bf6d7d029744b8c31432cb83c06b7019c69ba9fe4,800854,515,"HTML document header"
1edf469dbd1956da3b79f6abc1e0440a85aab6c82189742cad61303dcc5aa2e4,800854,503,"HTML document footer"
1edf469dbd1956da3b79f6abc1e0440a85aab6c82189742cad61303dcc5aa2e4,800854,503,"HTML document header"
46572905d78a460ff40602450ad2cca51919902aa16db9e026af7729fc3379e7,800854,516,"HTML document footer"
46572905d78a460ff40602450ad2cca51919902aa16db9e026af7729fc3379e7,800854,516,"HTML document header"
d8a741f023876152ef053634cf3bcf92879885097d1e8871617f2e1083ff1cea,800854,516,"HTML document footer"
d8a741f023876152ef053634cf3bcf92879885097d1e8871617f2e1083ff1cea,800854,516,"HTML document header"
21499ba17ca7a1deb77754e48f1c0fe7d67e41da4cb3e9017ca733a0058180ec,800854,515,"HTML document footer"
21499ba17ca7a1deb77754e48f1c0fe7d67e41da4cb3e9017ca733a0058180ec,800854,515,"HTML document header"
56391fd539730840532faf8f89ca6d809a6f187449d62686443d01d414273bee,800854,513,"HTML document footer"
56391fd539730840532faf8f89ca6d809a6f187449d62686443d01d414273bee,800854,513,"HTML document header"
e1aac3f24884aaf5a5fd5e9b3acc480604d18993585328d1c83e033deaa61cef,800854,517,"HTML document footer"
e1aac3f24884aaf5a5fd5e9b3acc480604d18993585328d1c83e033deaa61cef,800854,517,"HTML document header"
60d382b3c442d3823250273e1059e3546858c7e0c15ba819b8f3eaec50810cf9,800854,513,"HTML document footer"
60d382b3c442d3823250273e1059e3546858c7e0c15ba819b8f3eaec50810cf9,800854,513,"HTML document header"
4a45b85c3cc302e1190ff25284302923fb1800cbe370c9d8ac2a8d8388b612f9,800854,517,"HTML document footer"
4a45b85c3cc302e1190ff25284302923fb1800cbe370c9d8ac2a8d8388b612f9,800854,517,"HTML document header"
173dbae16c933c70a10c39f30d76a13542f32577011c311104954a2fbe0dc0fa,800854,516,"HTML document footer"
173dbae16c933c70a10c39f30d76a13542f32577011c311104954a2fbe0dc0fa,800854,516,"HTML document header"
e99f1aabe207c192af9aa47f1ea5eeae770a20665de9d21bca85ccb26c7eacfd,800854,518,"HTML document footer"
e99f1aabe207c192af9aa47f1ea5eeae770a20665de9d21bca85ccb26c7eacfd,800854,518,"HTML document header"
9faffb34c98051c6a73fd28c4ef3e66ed7e35c89890a3695e5c58409a4b71007,800854,516,"HTML document footer"
9faffb34c98051c6a73fd28c4ef3e66ed7e35c89890a3695e5c58409a4b71007,800854,516,"HTML document header"
398d40c6cf46ba6136651ceb2c3e32518f6bb6d6a717e980ff6f59cf725fee69,800854,516,"HTML document footer"
398d40c6cf46ba6136651ceb2c3e32518f6bb6d6a717e980ff6f59cf725fee69,800854,516,"HTML document header"
4279944d055c831bd59eed878fac8ad2b09418c6c7e92d389524f5e36ac44dbf,800854,517,"HTML document footer"
4279944d055c831bd59eed878fac8ad2b09418c6c7e92d389524f5e36ac44dbf,800854,517,"HTML document header"
5c4981ac83d5d7e61e44ffd0a333e310c8dbbf0845db6abec2fd9c9eb435feef,800854,518,"HTML document footer"
5c4981ac83d5d7e61e44ffd0a333e310c8dbbf0845db6abec2fd9c9eb435feef,800854,518,"HTML document header"
ad3486ff7f4803e912d6a16856388432ab659f4df3e6f22f9a811119293a06fd,800854,515,"HTML document footer"
ad3486ff7f4803e912d6a16856388432ab659f4df3e6f22f9a811119293a06fd,800854,515,"HTML document header"
a60100ce1b85f7106c0bfb83f2c9540c2d85108b47e9feab941312b97a8e4084,800854,514,"HTML document footer"
a60100ce1b85f7106c0bfb83f2c9540c2d85108b47e9feab941312b97a8e4084,800854,514,"HTML document header"
c48667433b29068b876b1322038e59bc99d7f524787270a46fc105843eab863e,800854,504,"HTML document footer"
c48667433b29068b876b1322038e59bc99d7f524787270a46fc105843eab863e,800854,504,"HTML document header"
16f3823bfa191f92a0b66edc532581f45dcc16020865dda1017ebdf1420f6a63,800854,504,"HTML document footer"
16f3823bfa191f92a0b66edc532581f45dcc16020865dda1017ebdf1420f6a63,800854,504,"HTML document header"
533363711b927476eeebf37105ba3336e37491c5dafaa6096b738e11264dae01,800855,513,"HTML document footer"
533363711b927476eeebf37105ba3336e37491c5dafaa6096b738e11264dae01,800855,513,"HTML document header"
0fb44a094c7ac50ccb14e5aa4caa4764bfbc81fa5fea58bfaea1ae420d63fe02,800855,499,"HTML document footer"
0fb44a094c7ac50ccb14e5aa4caa4764bfbc81fa5fea58bfaea1ae420d63fe02,800855,499,"HTML document header"
8b8bee6e8464803fcb584bb2032e605bbc95bf23d2a8c36b5e183762f4bb5506,800855,516,"HTML document footer"
8b8bee6e8464803fcb584bb2032e605bbc95bf23d2a8c36b5e183762f4bb5506,800855,516,"HTML document header"
b9774a251da33d9019294687230b19bb29f9e81a361dbe25c155dbf711d4d808,800855,517,"HTML document footer"
b9774a251da33d9019294687230b19bb29f9e81a361dbe25c155dbf711d4d808,800855,517,"HTML document header"
1e18c59834b1e6b8cb576a3d92263017aff502ca180345f215ed53b6c9cc1f0b,800855,515,"HTML document footer"
1e18c59834b1e6b8cb576a3d92263017aff502ca180345f215ed53b6c9cc1f0b,800855,515,"HTML document header"
94147d2f8bdcf414edd45f0c93c1543203551f8f96b038bd7428cdfb2ea25811,800855,516,"HTML document footer"
94147d2f8bdcf414edd45f0c93c1543203551f8f96b038bd7428cdfb2ea25811,800855,516,"HTML document header"
507e231170ec2ffb7c3de7776c8f3027fa32cd43cb37f5283007577d6cfbf414,800855,517,"HTML document footer"
507e231170ec2ffb7c3de7776c8f3027fa32cd43cb37f5283007577d6cfbf414,800855,517,"HTML document header"
0db9784d5d2ce875fbd6e936a98d5ee851cc31242c737e62b6aa60925d0c9318,800855,515,"HTML document footer"
0db9784d5d2ce875fbd6e936a98d5ee851cc31242c737e62b6aa60925d0c9318,800855,515,"HTML document header"
5989fd21504dbff65473d6e9f1311ea42e3c7636cc27a3be21a3c14e1dfac82a,800855,516,"HTML document footer"
5989fd21504dbff65473d6e9f1311ea42e3c7636cc27a3be21a3c14e1dfac82a,800855,516,"HTML document header"
56e2386187f7887852b5555e5fbd62a00a7692043b1bfaecfe3724a10446d72e,800855,514,"HTML document footer"
56e2386187f7887852b5555e5fbd62a00a7692043b1bfaecfe3724a10446d72e,800855,514,"HTML document header"
6fd1a951645ffb49e87c3f230bab31b9acee3c994dc0a448054c828859ba1f30,800855,516,"HTML document footer"
6fd1a951645ffb49e87c3f230bab31b9acee3c994dc0a448054c828859ba1f30,800855,516,"HTML document header"
c6db288dfa15281bd2afb3c6b061bcf49271da2c8fa699e77fc930e808c53936,800855,515,"HTML document footer"
c6db288dfa15281bd2afb3c6b061bcf49271da2c8fa699e77fc930e808c53936,800855,515,"HTML document header"
de73c3397cba6b072e6729de7139cf88137a93f61344dbc0a04b1f826d469d38,800855,515,"HTML document footer"
de73c3397cba6b072e6729de7139cf88137a93f61344dbc0a04b1f826d469d38,800855,515,"HTML document header"
4f112d2e440f919d7d15930bdd2aa792762d65c404c5f94ec4ebc6e75ebd3b40,800855,517,"HTML document footer"
4f112d2e440f919d7d15930bdd2aa792762d65c404c5f94ec4ebc6e75ebd3b40,800855,517,"HTML document header"
d63585c3ed2f905dbf45643fc9a76910a17d6116fdfde58c38204bade162d843,800855,514,"HTML document footer"
d63585c3ed2f905dbf45643fc9a76910a17d6116fdfde58c38204bade162d843,800855,514,"HTML document header"
9538b9868900bc84e360ef215871fb52749ca9b513cc44d8facac29d86e0114f,800855,513,"HTML document footer"
9538b9868900bc84e360ef215871fb52749ca9b513cc44d8facac29d86e0114f,800855,513,"HTML document header"
a67014f23f9a6f70974a34d6a5a89f985fca8a3877128b3b882c31a05a4b7555,800855,515,"HTML document footer"
a67014f23f9a6f70974a34d6a5a89f985fca8a3877128b3b882c31a05a4b7555,800855,515,"HTML document header"
f0adcf75d2b3a2dbc3251ef1a737acefe1de612e89fb894ac04e93a538ec8b61,800855,513,"HTML document footer"
f0adcf75d2b3a2dbc3251ef1a737acefe1de612e89fb894ac04e93a538ec8b61,800855,513,"HTML document header"
bd013d349918443b4d59ce1df336886f19b6459a8b309f4c4acdbad5b083cb62,800855,517,"HTML document footer"
bd013d349918443b4d59ce1df336886f19b6459a8b309f4c4acdbad5b083cb62,800855,517,"HTML document header"
07ea48224f9b2662c8731e36e5d9aa2b64f39b1a34dbdad01a195fc29eade56a,800855,515,"HTML document footer"
07ea48224f9b2662c8731e36e5d9aa2b64f39b1a34dbdad01a195fc29eade56a,800855,515,"HTML document header"
106f38bab3dfc916a0f7731d8c3c7abe79dcb24cac0ffc6e8651b2a3f0b75a6f,800855,516,"HTML document footer"
106f38bab3dfc916a0f7731d8c3c7abe79dcb24cac0ffc6e8651b2a3f0b75a6f,800855,516,"HTML document header"
101ff38067535438f579a34c6f2e0108e152067f0e397fd866a2638663b17272,800855,517,"HTML document footer"
101ff38067535438f579a34c6f2e0108e152067f0e397fd866a2638663b17272,800855,517,"HTML document header"
d7180e7f30a2b10ab542692be0d4e13ce59545e23dae6b72da4987f10bfab882,800855,515,"HTML document footer"
d7180e7f30a2b10ab542692be0d4e13ce59545e23dae6b72da4987f10bfab882,800855,515,"HTML document header"
d00a245866d9b671dbdbebdfe4997bc96e005ce61d96464ea79a886fc205d299,800855,517,"HTML document footer"
d00a245866d9b671dbdbebdfe4997bc96e005ce61d96464ea79a886fc205d299,800855,517,"HTML document header"
965cd3a7675c1d154dd7e7a0ff54b548c2f2efb96bee289137f7e8f94add869c,800855,512,"HTML document footer"
965cd3a7675c1d154dd7e7a0ff54b548c2f2efb96bee289137f7e8f94add869c,800855,512,"HTML document header"
2c46fc6ea55bca1c4bebb18e3287ee2e3dd5a291969a905555f4ffc4567e2a9d,800855,516,"HTML document footer"
2c46fc6ea55bca1c4bebb18e3287ee2e3dd5a291969a905555f4ffc4567e2a9d,800855,516,"HTML document header"
430e8c39703821ec9dedf538f86fc20ba7d68c8ee26cf74e95ae360e3172329f,800855,516,"HTML document footer"
430e8c39703821ec9dedf538f86fc20ba7d68c8ee26cf74e95ae360e3172329f,800855,516,"HTML document header"
1584359a38530e7597ff42564032079a684cb087bbf88c298f27368cdccc4fa1,800855,514,"HTML document footer"
1584359a38530e7597ff42564032079a684cb087bbf88c298f27368cdccc4fa1,800855,514,"HTML document header"
1f6c6958fdd392a730a354aec5f16e8066d92d7700b7b0785eafa31d4dc244a4,800855,516,"HTML document footer"
1f6c6958fdd392a730a354aec5f16e8066d92d7700b7b0785eafa31d4dc244a4,800855,516,"HTML document header"
4b6545da4f164cf812145c81fd2e04a9915dd92794becc1dfbc056b03e5fbcaa,800855,514,"HTML document footer"
4b6545da4f164cf812145c81fd2e04a9915dd92794becc1dfbc056b03e5fbcaa,800855,514,"HTML document header"
ea36373242684b256a82f2af739ebb96f6cf2e87c227c050a8ea8cede1ef6cb8,800855,515,"HTML document footer"
ea36373242684b256a82f2af739ebb96f6cf2e87c227c050a8ea8cede1ef6cb8,800855,515,"HTML document header"
a15e255338c179c6028b99409d5512dd751b033a35425b6110789dc7729574b8,800855,514,"HTML document footer"
a15e255338c179c6028b99409d5512dd751b033a35425b6110789dc7729574b8,800855,514,"HTML document header"
4a0720e1a3b247223447b12425f919fb09850b201feaa983e441ff066ca5e7ba,800855,516,"HTML document footer"
4a0720e1a3b247223447b12425f919fb09850b201feaa983e441ff066ca5e7ba,800855,516,"HTML document header"
f99e94da5fb3186b679313b61754305be536e3a01e1611d3ca9b62debb3377c4,800855,516,"HTML document footer"
f99e94da5fb3186b679313b61754305be536e3a01e1611d3ca9b62debb3377c4,800855,516,"HTML document header"
24d42f6f30b9fe3b70e2b895f3a694cbd038b336a01e0a909fb1c793983ccece,800855,518,"HTML document footer"
24d42f6f30b9fe3b70e2b895f3a694cbd038b336a01e0a909fb1c793983ccece,800855,518,"HTML document header"
cad8e67fbe62db9c8c492a85f9e62a196331e8e141ce7f5d557fdbcbe9464ecf,800855,518,"HTML document footer"
cad8e67fbe62db9c8c492a85f9e62a196331e8e141ce7f5d557fdbcbe9464ecf,800855,518,"HTML document header"
ebb4973194c581f7e4d90b4caf07c0bde8023623510e71075309ec8aa7bb9fd2,800855,515,"HTML document footer"
ebb4973194c581f7e4d90b4caf07c0bde8023623510e71075309ec8aa7bb9fd2,800855,515,"HTML document header"
361a2af394249afd54d08a519e6640e04617712d0ec9db3618d729f1d47bb3d3,800855,512,"HTML document footer"
361a2af394249afd54d08a519e6640e04617712d0ec9db3618d729f1d47bb3d3,800855,512,"HTML document header"
0fad536fba71848cf2948b043d2e6ed31b84ce8673ff8952a1b2b851b9a483de,800855,516,"HTML document footer"
0fad536fba71848cf2948b043d2e6ed31b84ce8673ff8952a1b2b851b9a483de,800855,516,"HTML document header"
faf8aa1f55d23761eaa33fd5329ee75a3ad1c2b335d2fbae1830d6e08c1036e4,800855,514,"HTML document footer"
faf8aa1f55d23761eaa33fd5329ee75a3ad1c2b335d2fbae1830d6e08c1036e4,800855,514,"HTML document header"
9a150c911f85722d1173e4731e57f3986680207298a63b85782b48abd33517ee,800855,517,"HTML document footer"
9a150c911f85722d1173e4731e57f3986680207298a63b85782b48abd33517ee,800855,517,"HTML document header"
753094aaa51823c3a05e8546b976d78b2ae1266ddfbffb9b61fdf4b34431e6ee,800855,516,"HTML document footer"
753094aaa51823c3a05e8546b976d78b2ae1266ddfbffb9b61fdf4b34431e6ee,800855,516,"HTML document header"
bf2d2260a180f7dce4306ca652ae570552e85a83f30b23d8be75bca5424aadf3,800855,514,"HTML document footer"
bf2d2260a180f7dce4306ca652ae570552e85a83f30b23d8be75bca5424aadf3,800855,514,"HTML document header"
fcf62e2dd4c6a660332124343deaa2f2f9ae48d6d8c3e66dab74ef0cc1cfddf3,800855,516,"HTML document footer"
fcf62e2dd4c6a660332124343deaa2f2f9ae48d6d8c3e66dab74ef0cc1cfddf3,800855,516,"HTML document header"
6a3d4b9339c3ea2074b19c368c888fb072c3ea6e8f49dc2e4516ae1431e064f6,800855,517,"HTML document footer"
6a3d4b9339c3ea2074b19c368c888fb072c3ea6e8f49dc2e4516ae1431e064f6,800855,517,"HTML document header"
8568e7faa6b7ec82ae704f99217167aa1d509941d661cc9a1531d1072de81b47,800855,505,"HTML document footer"
8568e7faa6b7ec82ae704f99217167aa1d509941d661cc9a1531d1072de81b47,800855,505,"HTML document header"
290b3428bcc6e396d0c721359aafe1d545b9fd5a79ccf21fb780e14eb91f62b5,800855,504,"HTML document footer"
290b3428bcc6e396d0c721359aafe1d545b9fd5a79ccf21fb780e14eb91f62b5,800855,504,"HTML document header"
7ab699c608f29a4dc71357a2169c21a094c79e64c54fa9a46f712d8f090a3a48,800855,516,"HTML document footer"
7ab699c608f29a4dc71357a2169c21a094c79e64c54fa9a46f712d8f090a3a48,800855,516,"HTML document header"
f4e9ec6497d0a68e4c09afc66af6213d9e7a35452693122ac7fa144bb6c21087,800855,502,"HTML document footer"
f4e9ec6497d0a68e4c09afc66af6213d9e7a35452693122ac7fa144bb6c21087,800855,502,"HTML document header"
566fd501e44b461c30f73c1f2838d9ead409e11874a1da0fcc74b01c8d427b03,800855,516,"HTML document footer"
566fd501e44b461c30f73c1f2838d9ead409e11874a1da0fcc74b01c8d427b03,800855,516,"HTML document header"
0593716b08d77da2c0f88b71ac28f14337ae459207d5c50b916ee4065169b907,800855,517,"HTML document footer"
0593716b08d77da2c0f88b71ac28f14337ae459207d5c50b916ee4065169b907,800855,517,"HTML document header"
2c876524f238cdb835e25a6b22e5e8176abc0f8c29620db611801e36fccc5409,800855,516,"HTML document footer"
2c876524f238cdb835e25a6b22e5e8176abc0f8c29620db611801e36fccc5409,800855,516,"HTML document header"
3d99cd36140a40ae46df2aac1afc976e57b2c86a4696e0050761d22cb0c06c0c,800855,516,"HTML document footer"
3d99cd36140a40ae46df2aac1afc976e57b2c86a4696e0050761d22cb0c06c0c,800855,516,"HTML document header"
1fedacd2257c63e97a21dcf3f39ef7132e2bed764134d5830fdf5bc732fefd0e,800855,514,"HTML document footer"
1fedacd2257c63e97a21dcf3f39ef7132e2bed764134d5830fdf5bc732fefd0e,800855,514,"HTML document header"
b6083d145114897ad55e07391348b533f7aea78349d0f02cb6a7010c2dfb310f,800855,504,"HTML document footer"
b6083d145114897ad55e07391348b533f7aea78349d0f02cb6a7010c2dfb310f,800855,504,"HTML document header"
9c94fedb42eee9e34395a89bb201519edee533bffe705408520b7bf994a5ba0f,800855,516,"HTML document footer"
9c94fedb42eee9e34395a89bb201519edee533bffe705408520b7bf994a5ba0f,800855,516,"HTML document header"
241dbe10ec9dda41bb17c1dfb0b57f8ae30a8bb695935e29e1e987bca4c3d211,800855,504,"HTML document footer"
241dbe10ec9dda41bb17c1dfb0b57f8ae30a8bb695935e29e1e987bca4c3d211,800855,504,"HTML document header"
73ac3ea5241683ac52c1b052c5d39243606329fd117aae447f070eed1b7e1d12,800855,510,"HTML document footer"
73ac3ea5241683ac52c1b052c5d39243606329fd117aae447f070eed1b7e1d12,800855,510,"HTML document header"
aee5797adea99287e3fd1a54c7178ef2e3fa9e0eb75c8e5ce7a65c1400cb6812,800855,516,"HTML document footer"
aee5797adea99287e3fd1a54c7178ef2e3fa9e0eb75c8e5ce7a65c1400cb6812,800855,516,"HTML document header"
df262f31f3f9898bc95f289aaf7216bec79bb1559a7101082001b36c5f176b13,800855,515,"HTML document footer"
df262f31f3f9898bc95f289aaf7216bec79bb1559a7101082001b36c5f176b13,800855,515,"HTML document header"
96e02be54f4a8f3b6ccf4650ceab2a503dcd4c77344c768eda1b8665a8860d17,800855,517,"HTML document footer"
96e02be54f4a8f3b6ccf4650ceab2a503dcd4c77344c768eda1b8665a8860d17,800855,517,"HTML document header"
39bfbeb15516843fb53b355e151ecbe195f77b8416ec73e0b4f85ceb16e18819,800855,515,"HTML document footer"
39bfbeb15516843fb53b355e151ecbe195f77b8416ec73e0b4f85ceb16e18819,800855,515,"HTML document header"
9ccf684aa38573d2d0d23dabed6b10d435bcb96e250cbd6cccba917a698e131c,800855,516,"HTML document footer"
9ccf684aa38573d2d0d23dabed6b10d435bcb96e250cbd6cccba917a698e131c,800855,516,"HTML document header"
3aa45ad462c086d38b024d0b9c3dc5058abe7d8edd0570c713e12b7a0f6d2922,800855,506,"HTML document footer"
3aa45ad462c086d38b024d0b9c3dc5058abe7d8edd0570c713e12b7a0f6d2922,800855,506,"HTML document header"
d13cdfa459ff3def2bbb8964361ef008fdfedfb8c038d7bc9546bf74d87f9529,800855,516,"HTML document footer"
d13cdfa459ff3def2bbb8964361ef008fdfedfb8c038d7bc9546bf74d87f9529,800855,516,"HTML document header"
bef02d8e1b1a525807ff354550f2daf42095dac5826f74183d4cb0dc15e1692d,800855,516,"HTML document footer"
bef02d8e1b1a525807ff354550f2daf42095dac5826f74183d4cb0dc15e1692d,800855,516,"HTML document header"
3bacfad1c929489a49bb113a8c1b818e69a4308bace51a5e62a1ac62052f972f,800855,516,"HTML document footer"
3bacfad1c929489a49bb113a8c1b818e69a4308bace51a5e62a1ac62052f972f,800855,516,"HTML document header"
635f58c453e7fa0c46d4113f8ec4a8f5b5a4bee7c5cd32803c43c22a2643db31,800855,512,"HTML document footer"
635f58c453e7fa0c46d4113f8ec4a8f5b5a4bee7c5cd32803c43c22a2643db31,800855,512,"HTML document header"
6788df627f49fbb122b05af7bd46ecf96fe37a3cb7b140f542d03fb4159da736,800855,515,"HTML document footer"
6788df627f49fbb122b05af7bd46ecf96fe37a3cb7b140f542d03fb4159da736,800855,515,"HTML document header"
58a54058979133a28b7b15ba065c27d14fd7ef62c78ea1ba506da02e3a0ef136,800855,514,"HTML document footer"
58a54058979133a28b7b15ba065c27d14fd7ef62c78ea1ba506da02e3a0ef136,800855,514,"HTML document header"
32018b8863e196f6a4516cc2915c767000312aa0141126aeda72beacbecc5037,800855,516,"HTML document footer"
32018b8863e196f6a4516cc2915c767000312aa0141126aeda72beacbecc5037,800855,516,"HTML document header"
7da67db2ad2a38c37f90e4487967a8089fa8efa35674a831b3c3a972e50e513c,800855,514,"HTML document footer"
7da67db2ad2a38c37f90e4487967a8089fa8efa35674a831b3c3a972e50e513c,800855,514,"HTML document header"
58b56cfc4cafab0ad45b0758ae1a48519a55b70268733d74c0307895452b1042,800855,516,"HTML document footer"
58b56cfc4cafab0ad45b0758ae1a48519a55b70268733d74c0307895452b1042,800855,516,"HTML document header"
71ec82c0887bc502cdd586db17ee143ee05b437d70186e1cb1a28eec7c465048,800855,516,"HTML document footer"
71ec82c0887bc502cdd586db17ee143ee05b437d70186e1cb1a28eec7c465048,800855,516,"HTML document header"
7b05af3152b68abc3a9cb710957d43b165d5f8cec4792eac0689ea7b755b294a,800855,516,"HTML document footer"
7b05af3152b68abc3a9cb710957d43b165d5f8cec4792eac0689ea7b755b294a,800855,516,"HTML document header"
a2a26cecb26d3f07e5f93da73a0202347260a1bbc83fefbec382ba1cab61fa4b,800855,514,"HTML document footer"
a2a26cecb26d3f07e5f93da73a0202347260a1bbc83fefbec382ba1cab61fa4b,800855,514,"HTML document header"
084dcfefba2e155024389dd3b64c72fd9f0738df415b1473c459509113215b4d,800855,512,"HTML document footer"
084dcfefba2e155024389dd3b64c72fd9f0738df415b1473c459509113215b4d,800855,512,"HTML document header"
1a808b39d313d453866a999d15803e54ba82b4644d8ded5872f04fbe807e7a50,800855,514,"HTML document footer"
1a808b39d313d453866a999d15803e54ba82b4644d8ded5872f04fbe807e7a50,800855,514,"HTML document header"
ab27d43d1092b3eb530b6145bb217da149f33251cdbd59d51f79177bfb79a652,800855,503,"HTML document footer"
ab27d43d1092b3eb530b6145bb217da149f33251cdbd59d51f79177bfb79a652,800855,503,"HTML document header"
1dac285bd4904b28c6adcf57ed3ee19ee6b46f5f4d4b63c3ef8b72a22ed5cf53,800855,516,"HTML document footer"
1dac285bd4904b28c6adcf57ed3ee19ee6b46f5f4d4b63c3ef8b72a22ed5cf53,800855,516,"HTML document header"
3a0ddbc5aa5e44096fd935d1fd048354d69b7e784ad159ca4138d53dcd139556,800855,501,"HTML document footer"
3a0ddbc5aa5e44096fd935d1fd048354d69b7e784ad159ca4138d53dcd139556,800855,501,"HTML document header"
6f4f30c0cc6f3f029266fa7f95f80bd0ed81363157de0752f8df86f0cff22c58,800855,517,"HTML document footer"
6f4f30c0cc6f3f029266fa7f95f80bd0ed81363157de0752f8df86f0cff22c58,800855,517,"HTML document header"
07e574f644fab5511192b33926b7e6d8be6a276f8b2657386d080626706d8c60,800855,516,"HTML document footer"
07e574f644fab5511192b33926b7e6d8be6a276f8b2657386d080626706d8c60,800855,516,"HTML document header"
eeb47237ebeb8bb420eb40c78a89782de25a0cb6e4405ecc5b5afd8928fe8f63,800855,512,"HTML document footer"
eeb47237ebeb8bb420eb40c78a89782de25a0cb6e4405ecc5b5afd8928fe8f63,800855,512,"HTML document header"
e65cbc59a1e977af47d50c0293af0dbc3fce31dd01b4dc878de5ed1129dc0065,800855,504,"HTML document footer"
e65cbc59a1e977af47d50c0293af0dbc3fce31dd01b4dc878de5ed1129dc0065,800855,504,"HTML document header"
affdba5c0d636de9944e1ddbcc56df4cfb6bb9389314ec1f65409149352f416b,800855,516,"HTML document footer"
affdba5c0d636de9944e1ddbcc56df4cfb6bb9389314ec1f65409149352f416b,800855,516,"HTML document header"
c63d4d479dc9111dda84c9bacea6140124c7ec245ec012bbaad1804d9276b66d,800855,503,"HTML document footer"
c63d4d479dc9111dda84c9bacea6140124c7ec245ec012bbaad1804d9276b66d,800855,503,"HTML document header"
658c62a2cf2d1d9cf7c5df2a2890722835e72c911a2ad92539fae84494103370,800855,516,"HTML document footer"
658c62a2cf2d1d9cf7c5df2a2890722835e72c911a2ad92539fae84494103370,800855,516,"HTML document header"
018ee1281b5778d31b86c234c86488d2598bd343fec39fd06e902896f1858877,800855,515,"HTML document footer"
018ee1281b5778d31b86c234c86488d2598bd343fec39fd06e902896f1858877,800855,515,"HTML document header"
5baec61e58884c538118bf8e4438ece35c722ba5443cac3fe268937964937479,800855,515,"HTML document footer"
5baec61e58884c538118bf8e4438ece35c722ba5443cac3fe268937964937479,800855,515,"HTML document header"
785cb20c4230246c36be5613ca99244ddd54a7d229cd670553adacf9dbaf477c,800855,516,"HTML document footer"
785cb20c4230246c36be5613ca99244ddd54a7d229cd670553adacf9dbaf477c,800855,516,"HTML document header"
b97d988f2223b12fc1703ff26e5702a0192147f24a5426569b0f76fa0656357f,800855,513,"HTML document footer"
b97d988f2223b12fc1703ff26e5702a0192147f24a5426569b0f76fa0656357f,800855,513,"HTML document header"
c76912aa99116be0b8357b3a0129e75a6a4c3868bc43aa374b034841c2837984,800855,515,"HTML document footer"
c76912aa99116be0b8357b3a0129e75a6a4c3868bc43aa374b034841c2837984,800855,515,"HTML document header"
e017fe1e0a85c02c994784d4e4c64315f6ffa930e6c4f8a0efcbd856ee540485,800855,515,"HTML document footer"
e017fe1e0a85c02c994784d4e4c64315f6ffa930e6c4f8a0efcbd856ee540485,800855,515,"HTML document header"
83ae3f70312d461c6850677c413045186e2a06c470f32474e94395db171d6e87,800855,505,"HTML document footer"
83ae3f70312d461c6850677c413045186e2a06c470f32474e94395db171d6e87,800855,505,"HTML document header"
076ec66df0d8d05be0aa28d17f9836034d0594ed1208b8a088d1a1925444408d,800855,516,"HTML document footer"
076ec66df0d8d05be0aa28d17f9836034d0594ed1208b8a088d1a1925444408d,800855,516,"HTML document header"
bde0bcf8b02737d720c373d4621784aaab0cfeee9b3d2cd6e2274aed50b2b48f,800855,515,"HTML document footer"
bde0bcf8b02737d720c373d4621784aaab0cfeee9b3d2cd6e2274aed50b2b48f,800855,515,"HTML document header"
9a898b5fd43b67db0771dc300691af257645d73b57dd51c3cbfc0fd8c2882e90,800855,515,"HTML document footer"
9a898b5fd43b67db0771dc300691af257645d73b57dd51c3cbfc0fd8c2882e90,800855,515,"HTML document header"
3181a1565fc666991799a507f14da44ebdda744e43e2002c1f7690d4ee789692,800855,519,"HTML document footer"
3181a1565fc666991799a507f14da44ebdda744e43e2002c1f7690d4ee789692,800855,519,"HTML document header"
c2c12813d2ab0f4e0e331d40f7c2a40b9391b1aac3b4fc0e202af149d5634097,800855,515,"HTML document footer"
c2c12813d2ab0f4e0e331d40f7c2a40b9391b1aac3b4fc0e202af149d5634097,800855,515,"HTML document header"
3f482ca9db41674d1196f1ff5ef13fdbf2dc149864e1c04e10016dc5415e53a2,800855,514,"HTML document footer"
3f482ca9db41674d1196f1ff5ef13fdbf2dc149864e1c04e10016dc5415e53a2,800855,514,"HTML document header"
e3006f2314abd80743e40911a51dfef0cd08c32e0a06cd4dd48c6bc3227cb2a3,800855,515,"HTML document footer"
e3006f2314abd80743e40911a51dfef0cd08c32e0a06cd4dd48c6bc3227cb2a3,800855,515,"HTML document header"
950cba58d08d4f80d3aa3bc6dc603b5b848ae5a7676050ebd7e56600a4b25ca4,800855,516,"HTML document footer"
950cba58d08d4f80d3aa3bc6dc603b5b848ae5a7676050ebd7e56600a4b25ca4,800855,516,"HTML document header"
4ef49455e980c65c992f6fefe736646a11bc7a769cb651c4bd1378600e6ac4a4,800855,515,"HTML document footer"
4ef49455e980c65c992f6fefe736646a11bc7a769cb651c4bd1378600e6ac4a4,800855,515,"HTML document header"
be1160e840178e8e3679e843e6e43289ee2329f803dd2db2a38c1451c31ee1a4,800855,514,"HTML document footer"
be1160e840178e8e3679e843e6e43289ee2329f803dd2db2a38c1451c31ee1a4,800855,514,"HTML document header"
a95466a9a1c4b1ebbc25f165e4bba55b5581ca233221f8c34243abb795b0f4a5,800855,504,"HTML document footer"
a95466a9a1c4b1ebbc25f165e4bba55b5581ca233221f8c34243abb795b0f4a5,800855,504,"HTML document header"
c1d6a910a450a137ad10ed6141f04e34ea472386af56a653dd163257a86a90aa,800855,515,"HTML document footer"
c1d6a910a450a137ad10ed6141f04e34ea472386af56a653dd163257a86a90aa,800855,515,"HTML document header"
bb34baa08d906fcf2aaa9e70e2904f60ac377c6d8d0543a685bdaae560b393aa,800855,506,"HTML document footer"
bb34baa08d906fcf2aaa9e70e2904f60ac377c6d8d0543a685bdaae560b393aa,800855,506,"HTML document header"
e17d54525956e813814f3aed305ca9e3e44f1ed6a67ab6efee9d1aa49d81f9ab,800855,517,"HTML document footer"
e17d54525956e813814f3aed305ca9e3e44f1ed6a67ab6efee9d1aa49d81f9ab,800855,517,"HTML document header"
8ad24ddf53e2ec6cbee9af7c1bbbd82cf2a9488d80b071eba550f2bd4ed850ad,800855,517,"HTML document footer"
8ad24ddf53e2ec6cbee9af7c1bbbd82cf2a9488d80b071eba550f2bd4ed850ad,800855,517,"HTML document header"
63c93eee09571b95c20a08417b58b11f851629bc6b784fc9b6a817053eccf6ad,800855,517,"HTML document footer"
63c93eee09571b95c20a08417b58b11f851629bc6b784fc9b6a817053eccf6ad,800855,517,"HTML document header"
44bed5088162fbd2af7a67fb423e519b23bc31fa343a461824576f4481662dba,800855,514,"HTML document footer"
44bed5088162fbd2af7a67fb423e519b23bc31fa343a461824576f4481662dba,800855,514,"HTML document header"
bc3a2065df6aefd3cd5275fc787dac72290dca96bc580caf2c9bd35746dd31be,800855,513,"HTML document footer"
bc3a2065df6aefd3cd5275fc787dac72290dca96bc580caf2c9bd35746dd31be,800855,513,"HTML document header"
e4fbba42e83cc87972d5eb2472580c16c7302e344282b4cdbfac9217beac16c5,800855,514,"HTML document footer"
e4fbba42e83cc87972d5eb2472580c16c7302e344282b4cdbfac9217beac16c5,800855,514,"HTML document header"
f04ace52deace66796bf6ed42fbf95a9d555cf2241b8ceb33d72116fc144b3c6,800855,516,"HTML document footer"
f04ace52deace66796bf6ed42fbf95a9d555cf2241b8ceb33d72116fc144b3c6,800855,516,"HTML document header"
f6ac09dc248f9197e20c44dea81759ec1ba272f87b1eeedfd65d02ccca5570c8,800855,517,"HTML document footer"
f6ac09dc248f9197e20c44dea81759ec1ba272f87b1eeedfd65d02ccca5570c8,800855,517,"HTML document header"
e306fc49b48ee28d7505b4f7b25ff09bfdbbf661adb9cd779acb562ec39146ce,800855,516,"HTML document footer"
e306fc49b48ee28d7505b4f7b25ff09bfdbbf661adb9cd779acb562ec39146ce,800855,516,"HTML document header"
dce362f37ebc3a5e338d9bd5d64a31485995776bed11d946dd2d391649ae1fd0,800855,517,"HTML document footer"
dce362f37ebc3a5e338d9bd5d64a31485995776bed11d946dd2d391649ae1fd0,800855,517,"HTML document header"
3c4415ece571b8cdba746e6b4e9b970b84b95c4365330938ccdb3394f45457d4,800855,504,"HTML document footer"
3c4415ece571b8cdba746e6b4e9b970b84b95c4365330938ccdb3394f45457d4,800855,504,"HTML document header"
f14f11003eea9371ebf6d5612074790a4ef99a8ebbde20e0a270231d492389d5,800855,515,"HTML document footer"
f14f11003eea9371ebf6d5612074790a4ef99a8ebbde20e0a270231d492389d5,800855,515,"HTML document header"
24916a86a667eca5160341a0519104053eff3e84e9aeb0471ea56f4ecdd369dc,800855,505,"HTML document footer"
24916a86a667eca5160341a0519104053eff3e84e9aeb0471ea56f4ecdd369dc,800855,505,"HTML document header"
476ef344a43f93ee6dd6262810f9e7c3a949c837c587b00e25ccefead0c857e1,800855,504,"HTML document footer"
476ef344a43f93ee6dd6262810f9e7c3a949c837c587b00e25ccefead0c857e1,800855,504,"HTML document header"
c78bade995f307f0688ce5fe71451e8c3cd9ca306e161d47157d2721946056e2,800855,503,"HTML document footer"
c78bade995f307f0688ce5fe71451e8c3cd9ca306e161d47157d2721946056e2,800855,503,"HTML document header"
6e163e20ba97e202f1b144a18e8694a15c4d4266aa440a26b04c63c15b7edfe3,800855,513,"HTML document footer"
6e163e20ba97e202f1b144a18e8694a15c4d4266aa440a26b04c63c15b7edfe3,800855,513,"HTML document header"
dc3aa1314c28d7391cea9267dec2cbe7a0313070fa94a38b1f4705ab209bfde3,800855,513,"HTML document footer"
dc3aa1314c28d7391cea9267dec2cbe7a0313070fa94a38b1f4705ab209bfde3,800855,513,"HTML document header"
26642b09eca43f9a08311b76b1dc4112c066ee18ea6a655bbce10a82e79820e8,800855,515,"HTML document footer"
26642b09eca43f9a08311b76b1dc4112c066ee18ea6a655bbce10a82e79820e8,800855,515,"HTML document header"
d633809ce22a2cd7dd78ed96f6d0c74370c7f60565a67267584e3b6cf0a616e9,800855,515,"HTML document footer"
d633809ce22a2cd7dd78ed96f6d0c74370c7f60565a67267584e3b6cf0a616e9,800855,515,"HTML document header"
c43ac8d7cc659612a4d0e66fbbbdf4a5e99ca0e470003464a76673f0336f58ea,800855,515,"HTML document footer"
c43ac8d7cc659612a4d0e66fbbbdf4a5e99ca0e470003464a76673f0336f58ea,800855,515,"HTML document header"
c779b8bddb4bba10a76c75fc2df4f1ebc1883c1a44b6f2934a37c86a9ca4f6ec,800855,515,"HTML document footer"
c779b8bddb4bba10a76c75fc2df4f1ebc1883c1a44b6f2934a37c86a9ca4f6ec,800855,515,"HTML document header"
e7120d1af172d4f8112ef60536b6bb2b858a6b3ddcd45ea27e93019a970733f1,800855,516,"HTML document footer"
e7120d1af172d4f8112ef60536b6bb2b858a6b3ddcd45ea27e93019a970733f1,800855,516,"HTML document header"
765fddcbf5f31d3fa2e301a82b4ba6cfd85da99f5cb7696349e389bcc6d97bf9,800855,516,"HTML document footer"
765fddcbf5f31d3fa2e301a82b4ba6cfd85da99f5cb7696349e389bcc6d97bf9,800855,516,"HTML document header"
39508f19f777a80368736efa3b38ae0d8ddae8aa8a8d4e817eae33408b1b0593,800855,517,"HTML document footer"
39508f19f777a80368736efa3b38ae0d8ddae8aa8a8d4e817eae33408b1b0593,800855,517,"HTML document header"
0ba6a24534d289c6f4340a63ca7c678843e15602f0c6d58818df38954381670a,800855,515,"HTML document footer"
0ba6a24534d289c6f4340a63ca7c678843e15602f0c6d58818df38954381670a,800855,515,"HTML document header"
285c360ba92368fec1fc92c3583e8959a7ed657417e83b25c654e20799f59c37,800855,516,"HTML document footer"
285c360ba92368fec1fc92c3583e8959a7ed657417e83b25c654e20799f59c37,800855,516,"HTML document header"
3c1eefee3d24ef49a59981ae7406c491f3825cecf180c7b48f11013e8479844d,800855,515,"HTML document footer"
3c1eefee3d24ef49a59981ae7406c491f3825cecf180c7b48f11013e8479844d,800855,515,"HTML document header"
bdaf04a115a2389c3f0fdb89a9c38a0f9c828dbe45841f3574009dca79dbbfbf,800855,516,"HTML document footer"
bdaf04a115a2389c3f0fdb89a9c38a0f9c828dbe45841f3574009dca79dbbfbf,800855,516,"HTML document header"
888b9639fa23a94a2642b3e7d472f2136b77b65c10e10f020aae50617fc31bd7,800855,516,"HTML document footer"
888b9639fa23a94a2642b3e7d472f2136b77b65c10e10f020aae50617fc31bd7,800855,516,"HTML document header"
8e5b807c7f99e5e16ac471e99a085fb76170dc05503f67a2d73acb602b8c35d8,800855,515,"HTML document footer"
8e5b807c7f99e5e16ac471e99a085fb76170dc05503f67a2d73acb602b8c35d8,800855,515,"HTML document header"
78b9d6af5f8e120395edef9ed2ba9e34e955b0c163c781c9a4264ef0060d3838,800855,514,"HTML document footer"
78b9d6af5f8e120395edef9ed2ba9e34e955b0c163c781c9a4264ef0060d3838,800855,514,"HTML document header"
40a043dfca5ddb7bbad464c91ac35655e9b69fe25b3e38614c58b0be05e43254,800855,513,"HTML document footer"
40a043dfca5ddb7bbad464c91ac35655e9b69fe25b3e38614c58b0be05e43254,800855,513,"HTML document header"
4efeb1b1c83c6ee859cf1c4735bbd807a7767a6dc2ecac460d525b92a0c6c7e9,800855,514,"HTML document footer"
4efeb1b1c83c6ee859cf1c4735bbd807a7767a6dc2ecac460d525b92a0c6c7e9,800855,514,"HTML document header"
2376852b4ca9eeff07dfcf558bf84f436aa6e90853b8e03816ad68c3871aee32,800855,505,"HTML document footer"
2376852b4ca9eeff07dfcf558bf84f436aa6e90853b8e03816ad68c3871aee32,800855,505,"HTML document header"
14675346cc0f2e739ad0e0e727df7192ba4bfeecb15e5f17be5a42c2bf17656b,800855,503,"HTML document footer"
14675346cc0f2e739ad0e0e727df7192ba4bfeecb15e5f17be5a42c2bf17656b,800855,503,"HTML document header"
5e3150d875a35b511063c980cfa2a2915d7299c34a0ade89731c39612ce86ac0,800855,505,"HTML document footer"
5e3150d875a35b511063c980cfa2a2915d7299c34a0ade89731c39612ce86ac0,800855,505,"HTML document header"
58d4a7be967770740f6662b857671a0c078a6c77873fa282066878f68fb5d057,800856,515,"HTML document footer"
58d4a7be967770740f6662b857671a0c078a6c77873fa282066878f68fb5d057,800856,515,"HTML document header"
d020a562746d107b40774b3c79826666f0d4203649caff2d9a5bbdfaa2b5590b,800856,515,"HTML document footer"
d020a562746d107b40774b3c79826666f0d4203649caff2d9a5bbdfaa2b5590b,800856,515,"HTML document header"
1bd69d127cf25963282ae529ab253fa063a3d550658b2639b1519fde81930e21,800856,515,"HTML document footer"
1bd69d127cf25963282ae529ab253fa063a3d550658b2639b1519fde81930e21,800856,515,"HTML document header"
0d905af9df30ee3f7aede11c01ecee2d99ed6e37529e53300a7808cc2a8ef937,800856,516,"HTML document footer"
0d905af9df30ee3f7aede11c01ecee2d99ed6e37529e53300a7808cc2a8ef937,800856,516,"HTML document header"
82e838072aeb737b4a76cb15d267229e8aa8195c0d0ea92ec86a3189c83c0f3c,800856,515,"HTML document footer"
82e838072aeb737b4a76cb15d267229e8aa8195c0d0ea92ec86a3189c83c0f3c,800856,515,"HTML document header"
49890e17acf37828a08e83d05e5c836a9f2a4f50973ba78bdae8fbf3a9720344,800856,517,"HTML document footer"
49890e17acf37828a08e83d05e5c836a9f2a4f50973ba78bdae8fbf3a9720344,800856,517,"HTML document header"
e65ab5f28165affd38238bc3cc8a24dc1b5dcb089cd070ac0452680d90c21756,800856,514,"HTML document footer"
e65ab5f28165affd38238bc3cc8a24dc1b5dcb089cd070ac0452680d90c21756,800856,514,"HTML document header"
27869ea2b69b641e421422c5a8c67a602c78c7a9f70b3529d896a158c7421e60,800856,517,"HTML document footer"
27869ea2b69b641e421422c5a8c67a602c78c7a9f70b3529d896a158c7421e60,800856,517,"HTML document header"
8f9e6a7eb079bb90d8e185893944550ce234f7144e996872c443f45d502fd167,800856,514,"HTML document footer"
8f9e6a7eb079bb90d8e185893944550ce234f7144e996872c443f45d502fd167,800856,514,"HTML document header"
6da4bb494c6a939fb1a3711ca8f9e61db19f3feb2b0d5bd4a01ff1602e05766b,800856,517,"HTML document footer"
6da4bb494c6a939fb1a3711ca8f9e61db19f3feb2b0d5bd4a01ff1602e05766b,800856,517,"HTML document header"
a388f07b2ba8bf19018a38d012577bfea28c3d8cdfd285a2debfa2b9ed3a4c6d,800856,516,"HTML document footer"
a388f07b2ba8bf19018a38d012577bfea28c3d8cdfd285a2debfa2b9ed3a4c6d,800856,516,"HTML document header"
2bca5e7960b09f2693c94535a0c6db0bfbd8d8d238f12460aadad75a20cb107c,800856,515,"HTML document footer"
2bca5e7960b09f2693c94535a0c6db0bfbd8d8d238f12460aadad75a20cb107c,800856,515,"HTML document header"
c03e61a394195e0aa63370ac10e4bffdd2177e0cac7f54ddc779ba7d2c56f8a3,800856,513,"HTML document footer"
c03e61a394195e0aa63370ac10e4bffdd2177e0cac7f54ddc779ba7d2c56f8a3,800856,513,"HTML document header"
4d6bb4c1a6a74f96c0e143f4feb94f29011da95c84b64a2815b78b6ac69d23b1,800856,517,"HTML document footer"
4d6bb4c1a6a74f96c0e143f4feb94f29011da95c84b64a2815b78b6ac69d23b1,800856,517,"HTML document header"
c7740ea08694ba034e3e8063cb691cbeea378d5f7e6b26916a75b30e996ce4bb,800856,515,"HTML document footer"
c7740ea08694ba034e3e8063cb691cbeea378d5f7e6b26916a75b30e996ce4bb,800856,515,"HTML document header"
de62c774e80257071e25f20c8a217a104f101651e2442e2cbb2e3c2f91be34c3,800856,514,"HTML document footer"
de62c774e80257071e25f20c8a217a104f101651e2442e2cbb2e3c2f91be34c3,800856,514,"HTML document header"
82ec9ab222995bfc28f5bd18812d75c714316dd48fcf564486205dab1823e3cc,800856,517,"HTML document footer"
82ec9ab222995bfc28f5bd18812d75c714316dd48fcf564486205dab1823e3cc,800856,517,"HTML document header"
3133597f2cb81e4b5908f6d47e8a8a014d16f191b40892f954f1f20b3568f5de,800856,503,"HTML document footer"
3133597f2cb81e4b5908f6d47e8a8a014d16f191b40892f954f1f20b3568f5de,800856,503,"HTML document header"
0eb4eb3122347c0c711b1724eb30589ffa7f82c22c721ef32459ffb13e34e5e0,800856,517,"HTML document footer"
0eb4eb3122347c0c711b1724eb30589ffa7f82c22c721ef32459ffb13e34e5e0,800856,517,"HTML document header"
482febceef86b426d75f4fb5525ea3282fb243ed9044eeac0843e0aefff4c7f7,800856,515,"HTML document footer"
482febceef86b426d75f4fb5525ea3282fb243ed9044eeac0843e0aefff4c7f7,800856,515,"HTML document header"
155c6cddbc31f4eb156f3d00d2c3dafda7a28d952c71cd5f86fb74eba15c405f,800856,515,"HTML document footer"
155c6cddbc31f4eb156f3d00d2c3dafda7a28d952c71cd5f86fb74eba15c405f,800856,515,"HTML document header"
6640471d36de09b4dbe7c2d944f5581c4858e87fcb9d9968fd07a5d17485a1e3,800856,516,"HTML document footer"
6640471d36de09b4dbe7c2d944f5581c4858e87fcb9d9968fd07a5d17485a1e3,800856,516,"HTML document header"
72977d7b2cf7bb03c839bf04fa2aa8e01c6ecd4fe25857fa3860806c451cda89,800856,515,"HTML document footer"
72977d7b2cf7bb03c839bf04fa2aa8e01c6ecd4fe25857fa3860806c451cda89,800856,515,"HTML document header"
f50f0d5998ebd5a2fcb53c9cdea3896341f7d0020b04b65a007122c62caa2392,800856,516,"HTML document footer"
f50f0d5998ebd5a2fcb53c9cdea3896341f7d0020b04b65a007122c62caa2392,800856,516,"HTML document header"
54237aca772a50360058cc4ca3ed116f8642ce076c743c08fb3ff3a2cfecbe01,800856,518,"HTML document footer"
54237aca772a50360058cc4ca3ed116f8642ce076c743c08fb3ff3a2cfecbe01,800856,518,"HTML document header"
a3d73baf647e28bc1915a170baec13a4572eb18c804199a6d2698c88d694a902,800856,517,"HTML document footer"
a3d73baf647e28bc1915a170baec13a4572eb18c804199a6d2698c88d694a902,800856,517,"HTML document header"
937009d5a265b1a61b05673bced8859eef4bfc5bcba2d29fb893ea255fd27907,800856,513,"HTML document footer"
937009d5a265b1a61b05673bced8859eef4bfc5bcba2d29fb893ea255fd27907,800856,513,"HTML document header"
0db7ebeae2a0af5466b7c769fe117696fb819d36db3c57d9c801a24657abc70b,800856,516,"HTML document footer"
0db7ebeae2a0af5466b7c769fe117696fb819d36db3c57d9c801a24657abc70b,800856,516,"HTML document header"
a61293029f1dbe27d360872e5346aaf6687d2c0f5d17d8148504a805ba020a38,800856,514,"HTML document footer"
a61293029f1dbe27d360872e5346aaf6687d2c0f5d17d8148504a805ba020a38,800856,514,"HTML document header"
b64c0a1b650f92e43b4b4551934bcd5d569708bb7ba7b42bb53c7d074f472d43,800856,516,"HTML document footer"
b64c0a1b650f92e43b4b4551934bcd5d569708bb7ba7b42bb53c7d074f472d43,800856,516,"HTML document header"
0077cb4aede74f186af2d0e97633f9997b0b9aa2e7d35ccd09c520cafaf53e53,800856,515,"HTML document footer"
0077cb4aede74f186af2d0e97633f9997b0b9aa2e7d35ccd09c520cafaf53e53,800856,515,"HTML document header"
1c698d37d92b25604b013b4c4bd870779969da955e4b687d70da5e017bee2b55,800856,515,"HTML document footer"
1c698d37d92b25604b013b4c4bd870779969da955e4b687d70da5e017bee2b55,800856,515,"HTML document header"
4c7253e5604295638f8393f08011a3bcc95c63da30a90c704ddbf596e2e5c067,800856,516,"HTML document footer"
4c7253e5604295638f8393f08011a3bcc95c63da30a90c704ddbf596e2e5c067,800856,516,"HTML document header"
e9b92d360471f07939ecd143b54a0513f6c9297088b0d33ea9b2189350a04a6f,800856,502,"HTML document footer"
e9b92d360471f07939ecd143b54a0513f6c9297088b0d33ea9b2189350a04a6f,800856,502,"HTML document header"
0e3c776b1daec4f04dcf7b6d07a07e15c5a0e42537691220524a391f80e4f671,800856,518,"HTML document footer"
0e3c776b1daec4f04dcf7b6d07a07e15c5a0e42537691220524a391f80e4f671,800856,518,"HTML document header"
492f6894a215f914918303b8113fb547056ea1551564998caac520e6b894d684,800856,515,"HTML document footer"
492f6894a215f914918303b8113fb547056ea1551564998caac520e6b894d684,800856,515,"HTML document header"
a3fb07e4e2e46206331a887ee0a40dd57a77ff29051f584931deae81a1211b8d,800856,515,"HTML document footer"
a3fb07e4e2e46206331a887ee0a40dd57a77ff29051f584931deae81a1211b8d,800856,515,"HTML document header"
7934d38777be6fd8162abb2137f94abeb28c40982b0d9a33a249e289e310e8a8,800856,517,"HTML document footer"
7934d38777be6fd8162abb2137f94abeb28c40982b0d9a33a249e289e310e8a8,800856,517,"HTML document header"
a4df3b7a340cfa2ff3260b1d22b90a45a552fa09b96e9fd3fc0188a113fedfb8,800856,513,"HTML document footer"
a4df3b7a340cfa2ff3260b1d22b90a45a552fa09b96e9fd3fc0188a113fedfb8,800856,513,"HTML document header"
13ecab20993658d6ab700b4bd47924e67a97a1e88c8659429cca0699939205c7,800856,514,"HTML document footer"
13ecab20993658d6ab700b4bd47924e67a97a1e88c8659429cca0699939205c7,800856,514,"HTML document header"
84cc7947872709a44c4f614971e8537469d341d69aceb223882a8a754e811ad5,800856,515,"HTML document footer"
84cc7947872709a44c4f614971e8537469d341d69aceb223882a8a754e811ad5,800856,515,"HTML document header"
771cee13a7040a59047f704a7fe085d69dc726e8360b2ca9611cb36510684ddc,800856,516,"HTML document footer"
771cee13a7040a59047f704a7fe085d69dc726e8360b2ca9611cb36510684ddc,800856,516,"HTML document header"
ccdd9b4c30fe45299200f52e1a11ddeab658e9810a0e6ac5c92ec858558f44f1,800856,516,"HTML document footer"
ccdd9b4c30fe45299200f52e1a11ddeab658e9810a0e6ac5c92ec858558f44f1,800856,516,"HTML document header"
4f996096137be6bfb10d6a76630c49275dfabff927965d41a566d5f4b02c3c84,800856,515,"HTML document footer"
4f996096137be6bfb10d6a76630c49275dfabff927965d41a566d5f4b02c3c84,800856,515,"HTML document header"
6147f65704a1c4f7adfb4c56e86e79eff298ed05cef78be7fbc3df31d711f18f,800856,516,"HTML document footer"
6147f65704a1c4f7adfb4c56e86e79eff298ed05cef78be7fbc3df31d711f18f,800856,516,"HTML document header"
adbe26df40bc1440249836fbb306fa67d14530d549e39b6b243efb1a8cc03efc,800856,514,"HTML document footer"
adbe26df40bc1440249836fbb306fa67d14530d549e39b6b243efb1a8cc03efc,800856,514,"HTML document header"
46a559c4db3b34872c5ef0541b6d37e347356938be865cb763412f0fd4b26f6f,800856,504,"HTML document footer"
46a559c4db3b34872c5ef0541b6d37e347356938be865cb763412f0fd4b26f6f,800856,504,"HTML document header"
2a390e33de2e89918d39a163bc9121a0ec370150262265229e22d519f953c084,800856,503,"HTML document footer"
2a390e33de2e89918d39a163bc9121a0ec370150262265229e22d519f953c084,800856,503,"HTML document header"
a1e762ab35abbcdcd8d43db4ef2f46e201f9dab171aef79e5a55eae7cd90f7ed,800856,3300,"HTML document footer"
a1e762ab35abbcdcd8d43db4ef2f46e201f9dab171aef79e5a55eae7cd90f7ed,800856,3300,"HTML document header"
e7cd969891f257b3a87306908deb1c8e21fc71bce4ad365b60926da19ff96300,800856,514,"HTML document footer"
e7cd969891f257b3a87306908deb1c8e21fc71bce4ad365b60926da19ff96300,800856,514,"HTML document header"
af7a6af83f83e53f76d88eee0c1afd6803b709a0476defae7042ab1a407a3903,800856,503,"HTML document footer"
af7a6af83f83e53f76d88eee0c1afd6803b709a0476defae7042ab1a407a3903,800856,503,"HTML document header"
a6b5ccf931aa8b0933eb25a2aa0f94c0131ab36f6b2d7ea6628bcca55de48903,800856,517,"HTML document footer"
a6b5ccf931aa8b0933eb25a2aa0f94c0131ab36f6b2d7ea6628bcca55de48903,800856,517,"HTML document header"
b3b710a3f95057a76cf8ec454a9618be2fddea6b4978acdc8fde3a5d38ba9f04,800856,517,"HTML document footer"
b3b710a3f95057a76cf8ec454a9618be2fddea6b4978acdc8fde3a5d38ba9f04,800856,517,"HTML document header"
f453cb3d7771f7e344c853ec76e164aea07e52917443449a1d775699f11b0105,800856,519,"HTML document footer"
f453cb3d7771f7e344c853ec76e164aea07e52917443449a1d775699f11b0105,800856,519,"HTML document header"
bccb81b2da8b59348491904776d70bd15c84c1ba71b7cc52351381df4fff8905,800856,514,"HTML document footer"
bccb81b2da8b59348491904776d70bd15c84c1ba71b7cc52351381df4fff8905,800856,514,"HTML document header"
ded6536a97e46b5e28af872997c10987438e1992e4e1cf0997132556afb99205,800856,516,"HTML document footer"
ded6536a97e46b5e28af872997c10987438e1992e4e1cf0997132556afb99205,800856,516,"HTML document header"
f913582a643b8128c2e15a542c29c4d7b19fd689b4b4bc26e834376532a88206,800856,516,"HTML document footer"
f913582a643b8128c2e15a542c29c4d7b19fd689b4b4bc26e834376532a88206,800856,516,"HTML document header"
04601dc7888f488100b410f316336227649eb7ee9265e157fe88270ed634b408,800856,515,"HTML document footer"
04601dc7888f488100b410f316336227649eb7ee9265e157fe88270ed634b408,800856,515,"HTML document header"
b42220eaf06ecdea199ae795ecf31e2f62bcea0eef6ea9f79929704f56aa770a,800856,517,"HTML document footer"
b42220eaf06ecdea199ae795ecf31e2f62bcea0eef6ea9f79929704f56aa770a,800856,517,"HTML document header"
fa29769df96d362f91d28429043c9779b987ac8db10782256bc6d2cd3ef0cf0f,800856,515,"HTML document footer"
fa29769df96d362f91d28429043c9779b987ac8db10782256bc6d2cd3ef0cf0f,800856,515,"HTML document header"
a8ef6836540217e4651cd05cd54ad456d8b7029ae490059cf8279b627be95110,800856,514,"HTML document footer"
a8ef6836540217e4651cd05cd54ad456d8b7029ae490059cf8279b627be95110,800856,514,"HTML document header"
eb617ce6c486f1e10e99140880fb80341322ad19e14748b81757b01fb175a511,800856,518,"HTML document footer"
eb617ce6c486f1e10e99140880fb80341322ad19e14748b81757b01fb175a511,800856,518,"HTML document header"
d96a9ddfeafe506bcc2a115c83449a5d69855fff86ef06eaaac45f198a15d513,800856,515,"HTML document footer"
d96a9ddfeafe506bcc2a115c83449a5d69855fff86ef06eaaac45f198a15d513,800856,515,"HTML document header"
82f9e4ff95b0845bd6a78bcf46eaba4dd6edf3de5d209fd6802a97b37edf9514,800856,516,"HTML document footer"
82f9e4ff95b0845bd6a78bcf46eaba4dd6edf3de5d209fd6802a97b37edf9514,800856,516,"HTML document header"
b0169837ad74df3a80b4091ecbfc96c764e0efc6bb7769ea3eee1e5858743219,800856,505,"HTML document footer"
b0169837ad74df3a80b4091ecbfc96c764e0efc6bb7769ea3eee1e5858743219,800856,505,"HTML document header"
4c207ad89fc65191594572c0bf6235cfc5ea94584a54aaa32027bdbf742a5e1a,800856,514,"HTML document footer"
4c207ad89fc65191594572c0bf6235cfc5ea94584a54aaa32027bdbf742a5e1a,800856,514,"HTML document header"
145f30386b81cd2707efbb51f51002d9bcf41a9b5e95d66724098449926b021f,800856,514,"HTML document footer"
145f30386b81cd2707efbb51f51002d9bcf41a9b5e95d66724098449926b021f,800856,514,"HTML document header"
55e27b588a6c1fa041982c08ab5ec4f5eda0c8abdfc59e432bcc247424732021,800856,519,"HTML document footer"
55e27b588a6c1fa041982c08ab5ec4f5eda0c8abdfc59e432bcc247424732021,800856,519,"HTML document header"
236e4fa380211debc240b12a6c0dc862124e9fcae0b1015400f33aa8c8137425,800856,513,"HTML document footer"
236e4fa380211debc240b12a6c0dc862124e9fcae0b1015400f33aa8c8137425,800856,513,"HTML document header"
e7303644f13740e16d613521e7b7de9f93bc223a344e824342d29635f1250d26,800856,513,"HTML document footer"
e7303644f13740e16d613521e7b7de9f93bc223a344e824342d29635f1250d26,800856,513,"HTML document header"
3482bebdcc5d5fbc7d3f4042a1702dc3d6209f58631472ea0c01c2c7baf75b26,800856,517,"HTML document footer"
3482bebdcc5d5fbc7d3f4042a1702dc3d6209f58631472ea0c01c2c7baf75b26,800856,517,"HTML document header"
3b9bbd433d2ebafda1299164c88064e9f714efc263e884f1e969ba7cc06dc328,800856,515,"HTML document footer"
3b9bbd433d2ebafda1299164c88064e9f714efc263e884f1e969ba7cc06dc328,800856,515,"HTML document header"
a0fa7ea62bd6605c969ff27f957322f22497836c0bbc06c255b75f4c9fb61a2d,800856,515,"HTML document footer"
a0fa7ea62bd6605c969ff27f957322f22497836c0bbc06c255b75f4c9fb61a2d,800856,515,"HTML document header"
1fb8b56f86a091bf38d3e459f711e88162379b4c83856feeb5b19eabdbdeb32d,800856,502,"HTML document footer"
1fb8b56f86a091bf38d3e459f711e88162379b4c83856feeb5b19eabdbdeb32d,800856,502,"HTML document header"
b83e781b22ef6066fd5d4f518f20fd1f680292a8cf0791406d20a72b079eef2f,800856,503,"HTML document footer"
b83e781b22ef6066fd5d4f518f20fd1f680292a8cf0791406d20a72b079eef2f,800856,503,"HTML document header"
21f59b4c8cb357d58a8fbef355d2e9e94b97ea2dc21d25c3ac2c0e51f7ed4131,800856,502,"HTML document footer"
21f59b4c8cb357d58a8fbef355d2e9e94b97ea2dc21d25c3ac2c0e51f7ed4131,800856,502,"HTML document header"
0a1e9ddc0fe191ea210757eb13bfa43ff5c779e34a3aaaf37a114b3d294d8e31,800856,515,"HTML document footer"
0a1e9ddc0fe191ea210757eb13bfa43ff5c779e34a3aaaf37a114b3d294d8e31,800856,515,"HTML document header"
e080e311105c1e8a00c780c9f7d96dd71414d95c7cf638bf4278889b6befc132,800856,514,"HTML document footer"
e080e311105c1e8a00c780c9f7d96dd71414d95c7cf638bf4278889b6befc132,800856,514,"HTML document header"
2b0d0cf3a4e896b2571eaf7644828a0a0e0c680a12c5e91848dd6f2dbb1a8636,800856,516,"HTML document footer"
2b0d0cf3a4e896b2571eaf7644828a0a0e0c680a12c5e91848dd6f2dbb1a8636,800856,516,"HTML document header"
779aba45f08017dd3b740b71db2b4416c86b109ca5a9d2ccc7a849750f454e3a,800856,515,"HTML document footer"
779aba45f08017dd3b740b71db2b4416c86b109ca5a9d2ccc7a849750f454e3a,800856,515,"HTML document header"
8dcc521d5202f7a1f43291441f2769afb7db0366f55549f04b4b464582f43f3f,800856,502,"HTML document footer"
8dcc521d5202f7a1f43291441f2769afb7db0366f55549f04b4b464582f43f3f,800856,502,"HTML document header"
1917efd923c2d0b9a8e5ef5019a08082695d1186c8287ad49493792bf3dc533f,800856,517,"HTML document footer"
1917efd923c2d0b9a8e5ef5019a08082695d1186c8287ad49493792bf3dc533f,800856,517,"HTML document header"
4bb85c437cb97324f77e75ddd76857996edd0c9980163831b1d1b3c14c34eb40,800856,516,"HTML document footer"
4bb85c437cb97324f77e75ddd76857996edd0c9980163831b1d1b3c14c34eb40,800856,516,"HTML document header"
c5553dac986ea1adbdafb8d1fef3eae8375cc2c2fb0ac9c0b33cff8ae94b8141,800856,507,"HTML document footer"
c5553dac986ea1adbdafb8d1fef3eae8375cc2c2fb0ac9c0b33cff8ae94b8141,800856,507,"HTML document header"
b7ec3e78eb8aabb4360c8c2074545c1708a0695d091a1dccffcf3b9a5bedca45,800856,515,"HTML document footer"
b7ec3e78eb8aabb4360c8c2074545c1708a0695d091a1dccffcf3b9a5bedca45,800856,515,"HTML document header"
bc3235ca722e7aebdb44dbc2ebfc31d283ed53cc72c8d9adef41635107187e47,800856,516,"HTML document footer"
bc3235ca722e7aebdb44dbc2ebfc31d283ed53cc72c8d9adef41635107187e47,800856,516,"HTML document header"
d2fb180ac38b3aafe2ece917a7d5af5e023bb81991e519e14b8275eb208e0e4a,800856,519,"HTML document footer"
d2fb180ac38b3aafe2ece917a7d5af5e023bb81991e519e14b8275eb208e0e4a,800856,519,"HTML document header"
2df0e164bd530026557825b9ccb3e25f993b20de3523f9235a8c4ae9d331074b,800856,515,"HTML document footer"
2df0e164bd530026557825b9ccb3e25f993b20de3523f9235a8c4ae9d331074b,800856,515,"HTML document header"
7f4b638d1b1eec3aff82e11782fbe2cbf30c6fda12df7c147087b5f24fe8204c,800856,514,"HTML document footer"
7f4b638d1b1eec3aff82e11782fbe2cbf30c6fda12df7c147087b5f24fe8204c,800856,514,"HTML document header"
93bb61416ff4859977f4d1c3fabc13cfd49e55ec526f9cfbfd49d061fed1724d,800856,503,"HTML document footer"
93bb61416ff4859977f4d1c3fabc13cfd49e55ec526f9cfbfd49d061fed1724d,800856,503,"HTML document header"
596df13679c85b98d81e82c689a9bef2d944aed877e227193ab4bfdbb447ae54,800856,515,"HTML document footer"
596df13679c85b98d81e82c689a9bef2d944aed877e227193ab4bfdbb447ae54,800856,515,"HTML document header"
582246095a8fd744a7f2f0d894e443dac5bfee491a1a8fdc8b3885fcb033c155,800856,513,"HTML document footer"
582246095a8fd744a7f2f0d894e443dac5bfee491a1a8fdc8b3885fcb033c155,800856,513,"HTML document header"
eb4fa1ac5638b4b6bb5eb2fa73ab0557ec6231cb9328c686ecf539279e3dcf55,800856,502,"HTML document footer"
eb4fa1ac5638b4b6bb5eb2fa73ab0557ec6231cb9328c686ecf539279e3dcf55,800856,502,"HTML document header"
a29a9a2a49483e674ada4d3376d43ec8c235384cc6492fa29a9fcf95624aa356,800856,517,"HTML document footer"
a29a9a2a49483e674ada4d3376d43ec8c235384cc6492fa29a9fcf95624aa356,800856,517,"HTML document header"
52334cff9a7c49de8aba5207abd71eb586124731c3c076697e41b8ed4ee96757,800856,515,"HTML document footer"
52334cff9a7c49de8aba5207abd71eb586124731c3c076697e41b8ed4ee96757,800856,515,"HTML document header"
3c1eabadcb27b32f733bd968dcca98d5686c7a454aeb665310e7f7a0426d9457,800856,517,"HTML document footer"
3c1eabadcb27b32f733bd968dcca98d5686c7a454aeb665310e7f7a0426d9457,800856,517,"HTML document header"
e909919bc574e9dcd8bdcc8873aeecf9a0582da7199ebe4ca1e227e2c9acd25a,800856,516,"HTML document footer"
e909919bc574e9dcd8bdcc8873aeecf9a0582da7199ebe4ca1e227e2c9acd25a,800856,516,"HTML document header"
6679a44f5747a15ad7c59a9aefea8ce77e6c8823c6079f071f6a5417329be05b,800856,514,"HTML document footer"
6679a44f5747a15ad7c59a9aefea8ce77e6c8823c6079f071f6a5417329be05b,800856,514,"HTML document header"
2ae867a74835063c9baf84616bf1e8a8e583cae85b88bb1acf8840f070b9b366,800856,518,"HTML document footer"
2ae867a74835063c9baf84616bf1e8a8e583cae85b88bb1acf8840f070b9b366,800856,518,"HTML document header"
13b002e4be698dfb8de841dc8d1746edc83e234460b9574a02f0a1a3510f6e69,800856,514,"HTML document footer"
13b002e4be698dfb8de841dc8d1746edc83e234460b9574a02f0a1a3510f6e69,800856,514,"HTML document header"
e2aab23c0aa784f1b9764cf91b9ba24301ea543f783c6f195adbba1f3aa57269,800856,515,"HTML document footer"
e2aab23c0aa784f1b9764cf91b9ba24301ea543f783c6f195adbba1f3aa57269,800856,515,"HTML document header"
7a927fa3402c41038bdf2f05831e2ca12748f2323a0641e95ca751d2c155146a,800856,513,"HTML document footer"
7a927fa3402c41038bdf2f05831e2ca12748f2323a0641e95ca751d2c155146a,800856,513,"HTML document header"
d0e47b80dd35713e935b3326c6157cb0d987c5d028534b2068ce389a0a08396a,800856,517,"HTML document footer"
d0e47b80dd35713e935b3326c6157cb0d987c5d028534b2068ce389a0a08396a,800856,517,"HTML document header"
2defa3c886afb84bd2763512e428b06ed8875b86c798da91532142f23ea8716a,800856,516,"HTML document footer"
2defa3c886afb84bd2763512e428b06ed8875b86c798da91532142f23ea8716a,800856,516,"HTML document header"
b562544e82f7a5ab5034f5567719a9e87554114e4fdcd3f4680d8f54709dc26d,800856,516,"HTML document footer"
b562544e82f7a5ab5034f5567719a9e87554114e4fdcd3f4680d8f54709dc26d,800856,516,"HTML document header"
175ea8d10016b8c40bad1888b7821fc900e9e45b0a1b9e9d37730f7aa42ed872,800856,516,"HTML document footer"
175ea8d10016b8c40bad1888b7821fc900e9e45b0a1b9e9d37730f7aa42ed872,800856,516,"HTML document header"
a94259ba4eac04b9ea5ab42daf21609ade11291000a00d5d3209afdde5e33b73,800856,514,"HTML document footer"
a94259ba4eac04b9ea5ab42daf21609ade11291000a00d5d3209afdde5e33b73,800856,514,"HTML document header"
29e508ed88348e842f2a7d3605e803ac3b7055b07f29ed99df1966f71b880d78,800856,502,"HTML document footer"
29e508ed88348e842f2a7d3605e803ac3b7055b07f29ed99df1966f71b880d78,800856,502,"HTML document header"
5ac52a56ac2f1fd907704a112594f4af25d4393a717624e22aed6148de19bb7c,800856,516,"HTML document footer"
5ac52a56ac2f1fd907704a112594f4af25d4393a717624e22aed6148de19bb7c,800856,516,"HTML document header"
a19d7786b13917fb70a371da530a3b7bf6e55d1c27a306bac942891cf755ce7d,800856,516,"HTML document footer"
a19d7786b13917fb70a371da530a3b7bf6e55d1c27a306bac942891cf755ce7d,800856,516,"HTML document header"
027707f3dbfcfe5b4334cd101ce8bfb1e60f18339c2df6330975d182e2c2367e,800856,504,"HTML document footer"
027707f3dbfcfe5b4334cd101ce8bfb1e60f18339c2df6330975d182e2c2367e,800856,504,"HTML document header"
e2cb7e475ca23edadfb2e6dd2771f1afb4dd2056e4cc2ccb145fa500384a4c7e,800856,516,"HTML document footer"
e2cb7e475ca23edadfb2e6dd2771f1afb4dd2056e4cc2ccb145fa500384a4c7e,800856,516,"HTML document header"
73c0dc29bd900c914194e3cab64a38bcb1e2e410326e9821ecb12b0791a98f7e,800856,515,"HTML document footer"
73c0dc29bd900c914194e3cab64a38bcb1e2e410326e9821ecb12b0791a98f7e,800856,515,"HTML document header"
ac00dc74354773e4cbe12aa32eeaf8b8a048d352516b8ebdbe42933debf04d7f,800856,514,"HTML document footer"
ac00dc74354773e4cbe12aa32eeaf8b8a048d352516b8ebdbe42933debf04d7f,800856,514,"HTML document header"
f4ff38b3fc8a3e769f04dd3b462419bff05d160de3b48e452841686be816ed83,800856,515,"HTML document footer"
f4ff38b3fc8a3e769f04dd3b462419bff05d160de3b48e452841686be816ed83,800856,515,"HTML document header"
a28127a7273a419c0977b93d55d0b55608dfeb4522b15350369d10667ee98285,800856,514,"HTML document footer"
a28127a7273a419c0977b93d55d0b55608dfeb4522b15350369d10667ee98285,800856,514,"HTML document header"
aca30414f3c8562413c64093d0077deef55170346625d05a7ddb69117981a486,800856,502,"HTML document footer"
aca30414f3c8562413c64093d0077deef55170346625d05a7ddb69117981a486,800856,502,"HTML document header"
5aec9f02b6045ae533f068f08b9c0836d24fc66106bcd43fa03206d6d7ae058b,800856,514,"HTML document footer"
5aec9f02b6045ae533f068f08b9c0836d24fc66106bcd43fa03206d6d7ae058b,800856,514,"HTML document header"
a1802fa7646e398ce342e3a562b138e53e5c5ce409c95ddfe092fc91451a1b8b,800856,514,"HTML document footer"
a1802fa7646e398ce342e3a562b138e53e5c5ce409c95ddfe092fc91451a1b8b,800856,514,"HTML document header"
6ebd4431d408af045178d095fe0533cea713a986ddda483dda950be992e67e8b,800856,514,"HTML document footer"
6ebd4431d408af045178d095fe0533cea713a986ddda483dda950be992e67e8b,800856,514,"HTML document header"
ac7dd514ef97be847c416cd3acc3ad6b51d2563db8ff25814ae8c224f5a51193,800856,515,"HTML document footer"
ac7dd514ef97be847c416cd3acc3ad6b51d2563db8ff25814ae8c224f5a51193,800856,515,"HTML document header"
9b75ee3df30a16f2faae1cf4bb70f6a4906128e65e128ab1f95b7fba55684a93,800856,514,"HTML document footer"
9b75ee3df30a16f2faae1cf4bb70f6a4906128e65e128ab1f95b7fba55684a93,800856,514,"HTML document header"
4fc4f6979d4006c02954bb265fa8bf56239cc3f53d9a0f6da725f0db71790097,800856,514,"HTML document footer"
4fc4f6979d4006c02954bb265fa8bf56239cc3f53d9a0f6da725f0db71790097,800856,514,"HTML document header"
270f8c3aca3dedc2d756d8cf39f2fc74ea99b770a64046dcb8e318eabe08299c,800856,516,"HTML document footer"
270f8c3aca3dedc2d756d8cf39f2fc74ea99b770a64046dcb8e318eabe08299c,800856,516,"HTML document header"
d8950fc4355fcf4ef2db82d7019d6bb894c16b587bd940080531c00580dd8b9d,800856,516,"HTML document footer"
d8950fc4355fcf4ef2db82d7019d6bb894c16b587bd940080531c00580dd8b9d,800856,516,"HTML document header"
cbfd87cadaccede87ee7da3cfed4fa3e016344d0794352ca976efb72b88942a0,800856,505,"HTML document footer"
cbfd87cadaccede87ee7da3cfed4fa3e016344d0794352ca976efb72b88942a0,800856,505,"HTML document header"
22bbaa7191188a9e19ba2d27be1d3de488433dceba12eb7dc754fba0337905a3,800856,514,"HTML document footer"
22bbaa7191188a9e19ba2d27be1d3de488433dceba12eb7dc754fba0337905a3,800856,514,"HTML document header"
5fa0a90388f3fda1fe2ddee5682e9cbbfccf2eb7b32a54302014b3b21a5152a3,800856,505,"HTML document footer"
5fa0a90388f3fda1fe2ddee5682e9cbbfccf2eb7b32a54302014b3b21a5152a3,800856,505,"HTML document header"
2b1b18c13df71a5a20483c007d8b6c80ee78f75b94b70d0f60f49bfc4ab205a4,800856,517,"HTML document footer"
2b1b18c13df71a5a20483c007d8b6c80ee78f75b94b70d0f60f49bfc4ab205a4,800856,517,"HTML document header"
d2a61fed546953940f62fb45068921f4109c63b6c37d661d90a867d0074549a7,800856,515,"HTML document footer"
d2a61fed546953940f62fb45068921f4109c63b6c37d661d90a867d0074549a7,800856,515,"HTML document header"
474d2b4e1712d95303495241c9cd17b3bd70319ebd7e5f5181d45fe7b4e655a7,800856,518,"HTML document footer"
474d2b4e1712d95303495241c9cd17b3bd70319ebd7e5f5181d45fe7b4e655a7,800856,518,"HTML document header"
3909fadf8d74f390acc8ef515d573ed9d05aab531e137ce22a161a66611645a8,800856,504,"HTML document footer"
3909fadf8d74f390acc8ef515d573ed9d05aab531e137ce22a161a66611645a8,800856,504,"HTML document header"
cff38fb83dcf9f2f95857b556d2a6529ae31d5f88a84c1301ec31eab019d45a8,800856,514,"HTML document footer"
cff38fb83dcf9f2f95857b556d2a6529ae31d5f88a84c1301ec31eab019d45a8,800856,514,"HTML document header"
59e6742c4d09f5da57ae9a95e1ab2a70a68ab97a061470978e9dd76776dfcda9,800856,505,"HTML document footer"
59e6742c4d09f5da57ae9a95e1ab2a70a68ab97a061470978e9dd76776dfcda9,800856,505,"HTML document header"
19e8de1d90dd0ee1ced367d7d9755e466de5ca5b56996fd285f50e5de069a5ac,800856,516,"HTML document footer"
19e8de1d90dd0ee1ced367d7d9755e466de5ca5b56996fd285f50e5de069a5ac,800856,516,"HTML document header"
e2f2c71f1211e1c1474c2db89708032e7f81c93883757d472d0be7350ff0f3ac,800856,516,"HTML document footer"
e2f2c71f1211e1c1474c2db89708032e7f81c93883757d472d0be7350ff0f3ac,800856,516,"HTML document header"
cbb1d09daacde56c2ef5df7da12f08026766a50c1bb6e2480bc99e0cf5ef12b2,800856,504,"HTML document footer"
cbb1d09daacde56c2ef5df7da12f08026766a50c1bb6e2480bc99e0cf5ef12b2,800856,504,"HTML document header"
5ae679a32a9643faf639372ba54751e1872071964f9385cab92a891b369657b2,800856,517,"HTML document footer"
5ae679a32a9643faf639372ba54751e1872071964f9385cab92a891b369657b2,800856,517,"HTML document header"
7b7d66137afa13ccae537edfb890471f3eb9ec58daae434947d5622eab327db5,800856,516,"HTML document footer"
7b7d66137afa13ccae537edfb890471f3eb9ec58daae434947d5622eab327db5,800856,516,"HTML document header"
d20b9751cac294c5601c394ef94bbf3a1f417059720d90e5eb7d6c8f737650b6,800856,516,"HTML document footer"
d20b9751cac294c5601c394ef94bbf3a1f417059720d90e5eb7d6c8f737650b6,800856,516,"HTML document header"
445754d446e19697a12006402f9bec5a09331333c3c69de7603fb54a2858bbb7,800856,515,"HTML document footer"
445754d446e19697a12006402f9bec5a09331333c3c69de7603fb54a2858bbb7,800856,515,"HTML document header"
fd97dba18cc939f091de4621f48c5a91308d649611e92cb08fb398d2103a4fb8,800856,515,"HTML document footer"
fd97dba18cc939f091de4621f48c5a91308d649611e92cb08fb398d2103a4fb8,800856,515,"HTML document header"
652abc7cbc1e8234e697845bb8bcafc6a777c492bdc788421a653fc5331754ba,800856,514,"HTML document footer"
652abc7cbc1e8234e697845bb8bcafc6a777c492bdc788421a653fc5331754ba,800856,514,"HTML document header"
92da8571ca6250f874144b3de4a23b2bcbf544685675bf815972128a058ebeba,800856,515,"HTML document footer"
92da8571ca6250f874144b3de4a23b2bcbf544685675bf815972128a058ebeba,800856,515,"HTML document header"
a1973a984f131398f6c916a6bc84633b752dc1f1557009f2299859fb43b913bb,800856,517,"HTML document footer"
a1973a984f131398f6c916a6bc84633b752dc1f1557009f2299859fb43b913bb,800856,517,"HTML document header"
0ae42f39d66b41f009eebf88fe614fc9e18e72a962bdf9bc4b22c42398b071bb,800856,515,"HTML document footer"
0ae42f39d66b41f009eebf88fe614fc9e18e72a962bdf9bc4b22c42398b071bb,800856,515,"HTML document header"
8e8cac35c50384a45d18a5bee760fed8c20353631b0ffdd79e04e127cb5823bd,800856,514,"HTML document footer"
8e8cac35c50384a45d18a5bee760fed8c20353631b0ffdd79e04e127cb5823bd,800856,514,"HTML document header"
53c474a30aacc2c43c5ffefcfdd2f3f42f697b284e6f8ea5233dda8aa187b5c2,800856,518,"HTML document footer"
53c474a30aacc2c43c5ffefcfdd2f3f42f697b284e6f8ea5233dda8aa187b5c2,800856,518,"HTML document header"
2cd80129594fe53ad2e709a0240802923fd43cdbfbf1b842994ed0ded2df5dc4,800856,515,"HTML document footer"
2cd80129594fe53ad2e709a0240802923fd43cdbfbf1b842994ed0ded2df5dc4,800856,515,"HTML document header"
495a5d50bcc00d7575daebf7ac50a41501a6d296d8d06edde9e196c655ecb0c6,800856,516,"HTML document footer"
495a5d50bcc00d7575daebf7ac50a41501a6d296d8d06edde9e196c655ecb0c6,800856,516,"HTML document header"
01f137b64483ef0fc7d1b90a0220ab9d4d9d927c3b8382cfcd26c0539c8a5eca,800856,515,"HTML document footer"
01f137b64483ef0fc7d1b90a0220ab9d4d9d927c3b8382cfcd26c0539c8a5eca,800856,515,"HTML document header"
343b98714c156a1772779ee334213ec55be057ecfb7e8c7c5cc63d1b9bf5dcca,800856,517,"HTML document footer"
343b98714c156a1772779ee334213ec55be057ecfb7e8c7c5cc63d1b9bf5dcca,800856,517,"HTML document header"
bc7e3eb4d69b8f808c4859b73bbc57a83a2bb5e7157f64e82b09cd4b190d3acc,800856,512,"HTML document footer"
bc7e3eb4d69b8f808c4859b73bbc57a83a2bb5e7157f64e82b09cd4b190d3acc,800856,512,"HTML document header"
102abc8c41cf5655ee3e6279014055c4280bfa217d68f169a7623e5bb170d7cd,800856,504,"HTML document footer"
102abc8c41cf5655ee3e6279014055c4280bfa217d68f169a7623e5bb170d7cd,800856,504,"HTML document header"
c0e276e4fdf0f31ba048c4772fd0ade207eeb98f36698fecef0d9c7ddb6d67ce,800856,516,"HTML document footer"
c0e276e4fdf0f31ba048c4772fd0ade207eeb98f36698fecef0d9c7ddb6d67ce,800856,516,"HTML document header"
e5ef7fc85d9ec45d3ff729811634e96a3a25a152f864c27cb77a0a78fae86cd3,800856,515,"HTML document footer"
e5ef7fc85d9ec45d3ff729811634e96a3a25a152f864c27cb77a0a78fae86cd3,800856,515,"HTML document header"
3642a7f26b5db3be6567447aa369f75ed9ef57c9e2c5fb5a2eade129b49c6ed4,800856,516,"HTML document footer"
3642a7f26b5db3be6567447aa369f75ed9ef57c9e2c5fb5a2eade129b49c6ed4,800856,516,"HTML document header"
d9dbfcca087f3abcd4dcc9dc8ebf931a038c91f6b8edcacbf1ec35d03e5302d6,800856,517,"HTML document footer"
d9dbfcca087f3abcd4dcc9dc8ebf931a038c91f6b8edcacbf1ec35d03e5302d6,800856,517,"HTML document header"
2296720158e50eabd6eb05e1d22efc051b2ab83ff23559ef8fd9079541f385d6,800856,515,"HTML document footer"
2296720158e50eabd6eb05e1d22efc051b2ab83ff23559ef8fd9079541f385d6,800856,515,"HTML document header"
93dc77ade44add7873b1da065fe26db84cadfe04a42f36abd9588972744ca8d8,800856,518,"HTML document footer"
93dc77ade44add7873b1da065fe26db84cadfe04a42f36abd9588972744ca8d8,800856,518,"HTML document header"
19cac81761553a60d6b4917d54552c17d8faf5343df933a41cfb2d73aa5eb9da,800856,516,"HTML document footer"
19cac81761553a60d6b4917d54552c17d8faf5343df933a41cfb2d73aa5eb9da,800856,516,"HTML document header"
d0f75303d7d8a2f1e1ab3175def3af91dcd66470cff14779ded27ffe50c066dc,800856,519,"HTML document footer"
d0f75303d7d8a2f1e1ab3175def3af91dcd66470cff14779ded27ffe50c066dc,800856,519,"HTML document header"
3552b1df2dfe46a8a0e890fc28dfdd1b75bd264e2518e3b4e0fd964b8d7b59de,800856,514,"HTML document footer"
3552b1df2dfe46a8a0e890fc28dfdd1b75bd264e2518e3b4e0fd964b8d7b59de,800856,514,"HTML document header"
e03647ced3cddfffdcf10b303b7008ab7bb61a795863fccea209e98c3fbd32e2,800856,515,"HTML document footer"
e03647ced3cddfffdcf10b303b7008ab7bb61a795863fccea209e98c3fbd32e2,800856,515,"HTML document header"
e9ae9b9967c712aa3104cc55d037ab24673c07e6d8453f823e1ede6d37d33ee4,800856,504,"HTML document footer"
e9ae9b9967c712aa3104cc55d037ab24673c07e6d8453f823e1ede6d37d33ee4,800856,504,"HTML document header"
589aa978afe7e155382a3f44bf651f69532178278b12bd4d5acf2f6a089ebfe4,800856,514,"HTML document footer"
589aa978afe7e155382a3f44bf651f69532178278b12bd4d5acf2f6a089ebfe4,800856,514,"HTML document header"
8792ca21b6b05ac7d3121316959a472458a1ddcb9ab7e32755d36de7ba4f7feb,800856,515,"HTML document footer"
8792ca21b6b05ac7d3121316959a472458a1ddcb9ab7e32755d36de7ba4f7feb,800856,515,"HTML document header"
27451676f377d1964b86525ad342b555fa40315eba7b34f9dc44790660323bec,800856,504,"HTML document footer"
27451676f377d1964b86525ad342b555fa40315eba7b34f9dc44790660323bec,800856,504,"HTML document header"
8dd92be488ee8a4312689f0b391cbe182ec52165451fef3ab958aa0b082065ee,800856,514,"HTML document footer"
8dd92be488ee8a4312689f0b391cbe182ec52165451fef3ab958aa0b082065ee,800856,514,"HTML document header"
246084b74a3c794aa9f3fb515ecc1d23997607ab8581e2bef93dc5c0d11a7cf3,800856,517,"HTML document footer"
246084b74a3c794aa9f3fb515ecc1d23997607ab8581e2bef93dc5c0d11a7cf3,800856,517,"HTML document header"
3e1753ca0517615d093bb17747b5c9364d61c8f15536a128b4b696312b93e2f3,800856,515,"HTML document footer"
3e1753ca0517615d093bb17747b5c9364d61c8f15536a128b4b696312b93e2f3,800856,515,"HTML document header"
67751b1b804fd7b73b994a6daf4c4dd68b50efd770a956f71b456b34bfeb92f4,800856,517,"HTML document footer"
67751b1b804fd7b73b994a6daf4c4dd68b50efd770a956f71b456b34bfeb92f4,800856,517,"HTML document header"
142b4f8c3a2cabc97e0e6d0b210539f32cc82e4266f03ad858791786347ebff6,800856,502,"HTML document footer"
142b4f8c3a2cabc97e0e6d0b210539f32cc82e4266f03ad858791786347ebff6,800856,502,"HTML document header"
8d98051e0d7890822dc9d90b8811660ae1518969a29cf57bce359803d963c0f6,800856,514,"HTML document footer"
8d98051e0d7890822dc9d90b8811660ae1518969a29cf57bce359803d963c0f6,800856,514,"HTML document header"
f08bdb005469b46e5bd271975180ebf0d088ea159255b6553ddf11a1d9b122f7,800856,516,"HTML document footer"
f08bdb005469b46e5bd271975180ebf0d088ea159255b6553ddf11a1d9b122f7,800856,516,"HTML document header"
f186a74c4db0e8d871e3b5650d5323443b733c214c44b2e4aec81851a0d753f7,800856,513,"HTML document footer"
f186a74c4db0e8d871e3b5650d5323443b733c214c44b2e4aec81851a0d753f7,800856,513,"HTML document header"
5f61dbba853b054311fb0eca203aa7f04a8973405fe5011980b3ea565169f9f8,800856,502,"HTML document footer"
5f61dbba853b054311fb0eca203aa7f04a8973405fe5011980b3ea565169f9f8,800856,502,"HTML document header"
a06de9ec0c88ce5ded060d1f70b82b8fadb5aeb8f9a22ba306ea9f8c81b512fa,800856,515,"HTML document footer"
a06de9ec0c88ce5ded060d1f70b82b8fadb5aeb8f9a22ba306ea9f8c81b512fa,800856,515,"HTML document header"
5d90924696700bdf9a7d559c915bbc0a36f39cc96186c5417db6ad5693ea72fd,800856,502,"HTML document footer"
5d90924696700bdf9a7d559c915bbc0a36f39cc96186c5417db6ad5693ea72fd,800856,502,"HTML document header"
2ca0c5daec05dd381a26c2892d4fe4ca394c69b7d0f2372341805558d9ca99fd,800856,518,"HTML document footer"
2ca0c5daec05dd381a26c2892d4fe4ca394c69b7d0f2372341805558d9ca99fd,800856,518,"HTML document header"
ce450e7f45b61c76d299edea27e5455db2225c74d70ea3bbd307164e3ed734fe,800856,519,"HTML document footer"
ce450e7f45b61c76d299edea27e5455db2225c74d70ea3bbd307164e3ed734fe,800856,519,"HTML document header"
11200bdc87b948480e1fefcf355bc99aa7b297e0f22c688d41ec8701c226e4fe,800856,516,"HTML document footer"
11200bdc87b948480e1fefcf355bc99aa7b297e0f22c688d41ec8701c226e4fe,800856,516,"HTML document header"
a5964736bcd6d3360b6e5fc2c92c78facd981572d5cce577a11c16535d61886b,800856,515,"HTML document footer"
a5964736bcd6d3360b6e5fc2c92c78facd981572d5cce577a11c16535d61886b,800856,515,"HTML document header"
0a91596cc5bde66e9e36652b5c963d7696aba091aebf2ea111e514cbe5dd3005,800856,504,"HTML document footer"
0a91596cc5bde66e9e36652b5c963d7696aba091aebf2ea111e514cbe5dd3005,800856,504,"HTML document header"
d167364486d774345c968164ba37866d953cf5ebd33234c137e75e34c96fa516,800856,504,"HTML document footer"
d167364486d774345c968164ba37866d953cf5ebd33234c137e75e34c96fa516,800856,504,"HTML document header"
e5097b10d9c24a905fec890eb216977ba0dbcd808e425f494338eb38c9ebc8c6,800856,501,"HTML document footer"
e5097b10d9c24a905fec890eb216977ba0dbcd808e425f494338eb38c9ebc8c6,800856,501,"HTML document header"
e96e7e67f46f9a6f31539e70f44660663ce2d5e994e6ecedeaa88e4af6736c1f,800856,515,"HTML document footer"
e96e7e67f46f9a6f31539e70f44660663ce2d5e994e6ecedeaa88e4af6736c1f,800856,515,"HTML document header"
2d6abe41fb0368b0efd69270579498b116244cb43dd303f4a1411fdb2923941f,800856,516,"HTML document footer"
2d6abe41fb0368b0efd69270579498b116244cb43dd303f4a1411fdb2923941f,800856,516,"HTML document header"
9a02dc033f75bbe9a93d864504f490f72567eec4b7eaaf527e4278c95eb8ce64,800856,517,"HTML document footer"
9a02dc033f75bbe9a93d864504f490f72567eec4b7eaaf527e4278c95eb8ce64,800856,517,"HTML document header"
a4f21fb6cab696928f82519ae1ec82d6eff2c0a19bdc09d2237913448282b278,800856,515,"HTML document footer"
a4f21fb6cab696928f82519ae1ec82d6eff2c0a19bdc09d2237913448282b278,800856,515,"HTML document header"
519d6b2c0ec03a5c8c661cf8a9a8303542ad88dde792420c8463caaed9906695,800856,516,"HTML document footer"
519d6b2c0ec03a5c8c661cf8a9a8303542ad88dde792420c8463caaed9906695,800856,516,"HTML document header"
5a53e27ce0e4cbca50cf0cff8ef7738af519be4552e82f3164a3007f626e519e,800856,517,"HTML document footer"
5a53e27ce0e4cbca50cf0cff8ef7738af519be4552e82f3164a3007f626e519e,800856,517,"HTML document header"
e3057b211876ef5426f3abc9dc266c881e83528498377af67fb2a9c5200cf2a9,800856,516,"HTML document footer"
e3057b211876ef5426f3abc9dc266c881e83528498377af67fb2a9c5200cf2a9,800856,516,"HTML document header"
348511d35bbd89795410f4a6064207c229d3f6011841020934125fdb8543a8c2,800856,515,"HTML document footer"
348511d35bbd89795410f4a6064207c229d3f6011841020934125fdb8543a8c2,800856,515,"HTML document header"
46986519c3c05372dd9032bd43fe2b37794b1a280b8244e695a777ad512885e3,800856,515,"HTML document footer"
46986519c3c05372dd9032bd43fe2b37794b1a280b8244e695a777ad512885e3,800856,515,"HTML document header"
a54812a628615d3171aef25034ef2cf7c43af9e20b88bce598e4c5d9e8105951,800856,514,"HTML document footer"
a54812a628615d3171aef25034ef2cf7c43af9e20b88bce598e4c5d9e8105951,800856,514,"HTML document header"
635816ce644e81b731f749ecd78869b4bf78e242970d1cd0373e97172cf15582,800856,514,"HTML document footer"
635816ce644e81b731f749ecd78869b4bf78e242970d1cd0373e97172cf15582,800856,514,"HTML document header"
23955744d0e1d66d6877f8e65a9b8911ab97f7ee566d0ac751404076d160d2be,800856,514,"HTML document footer"
23955744d0e1d66d6877f8e65a9b8911ab97f7ee566d0ac751404076d160d2be,800856,514,"HTML document header"
bf5cf778064299be7481920fd5c98eedc5889f0fe2251f6a3d3fa9f61ba72bff,800856,514,"HTML document footer"
bf5cf778064299be7481920fd5c98eedc5889f0fe2251f6a3d3fa9f61ba72bff,800856,514,"HTML document header"
ad37961fa41293bcb9889ebb21869efe21c2c140e6ab89f3c3e14518dd019d7a,800856,507,"HTML document footer"
ad37961fa41293bcb9889ebb21869efe21c2c140e6ab89f3c3e14518dd019d7a,800856,507,"HTML document header"
e191f4012229972839b62e44779fa7d4777b37089c2f2c55b3124182fd4f2d07,800856,505,"HTML document footer"
e191f4012229972839b62e44779fa7d4777b37089c2f2c55b3124182fd4f2d07,800856,505,"HTML document header"
d041fcc1f0996adb5bcebf5b382d701cd714bcdf1b78d1108b1e8eb5c5455a0f,800856,504,"HTML document footer"
d041fcc1f0996adb5bcebf5b382d701cd714bcdf1b78d1108b1e8eb5c5455a0f,800856,504,"HTML document header"
52314a494d0670e800e503f8089ec7d4a32ecc609affe14694f300c5ce41e240,800856,504,"HTML document footer"
52314a494d0670e800e503f8089ec7d4a32ecc609affe14694f300c5ce41e240,800856,504,"HTML document header"
a32262b6caf0aa1196eca1aa600ff68b8d70000a205688eeec474f029db1785e,800856,506,"HTML document footer"
a32262b6caf0aa1196eca1aa600ff68b8d70000a205688eeec474f029db1785e,800856,506,"HTML document header"
43da1bde717eb0125e525fb476fafa48ace0f2bd859c8096a06d563d16f04b6c,800856,504,"HTML document footer"
43da1bde717eb0125e525fb476fafa48ace0f2bd859c8096a06d563d16f04b6c,800856,504,"HTML document header"
784c443a31696124bf83ef3890483f02d5aaf612fda894bda52c8709c4194b6f,800856,505,"HTML document footer"
784c443a31696124bf83ef3890483f02d5aaf612fda894bda52c8709c4194b6f,800856,505,"HTML document header"
fb42f10176c33acf08aef68a89c69beaf2a387e2794d0b15fe83f3581c803c76,800856,506,"HTML document footer"
fb42f10176c33acf08aef68a89c69beaf2a387e2794d0b15fe83f3581c803c76,800856,506,"HTML document header"
39193198b86877ffec4b5ffb78a40cc7b368403f4e620bffa03dfb58ac6d6684,800856,504,"HTML document footer"
39193198b86877ffec4b5ffb78a40cc7b368403f4e620bffa03dfb58ac6d6684,800856,504,"HTML document header"
3491847cf7ee73ea85dd68805c25d9874b7924302fe0babcdb0cf20ba915b8aa,800856,504,"HTML document footer"
3491847cf7ee73ea85dd68805c25d9874b7924302fe0babcdb0cf20ba915b8aa,800856,504,"HTML document header"
bf627b8881ebfe47874ea3242fddb5a7697629269aa5c3277427cff7d55987c6,800856,503,"HTML document footer"
bf627b8881ebfe47874ea3242fddb5a7697629269aa5c3277427cff7d55987c6,800856,503,"HTML document header"
9ff0190bb980dbb4b6e8279914542a62f63cea83f1a86d6003ec22cb6bf0a2e0,800856,504,"HTML document footer"
9ff0190bb980dbb4b6e8279914542a62f63cea83f1a86d6003ec22cb6bf0a2e0,800856,504,"HTML document header"
a49ba998335149b43e2b94cf7db21e13430d0ced6baa5367cde35c8de3d160f2,800856,504,"HTML document footer"
a49ba998335149b43e2b94cf7db21e13430d0ced6baa5367cde35c8de3d160f2,800856,504,"HTML document header"
3df40f7035f9cbfe9a304140b1aea0f3210047e913bdf09fdde450e0441dd7fe,800856,504,"HTML document footer"
3df40f7035f9cbfe9a304140b1aea0f3210047e913bdf09fdde450e0441dd7fe,800856,504,"HTML document header"
ccff23b5cde73cc2528bc0c5b4ed9e0f59c5fed01a15bac7b6178b4408a0fc4e,800856,502,"HTML document footer"
ccff23b5cde73cc2528bc0c5b4ed9e0f59c5fed01a15bac7b6178b4408a0fc4e,800856,502,"HTML document header"
ce629af2a4237181e1cb276c72c00d1f95f7af271769d48adadfb380edea38a0,800856,502,"HTML document footer"
ce629af2a4237181e1cb276c72c00d1f95f7af271769d48adadfb380edea38a0,800856,502,"HTML document header"
25da854821579a18b64752a27427480635c4f57773aebdec19f55beb2a5efedb,800857,515,"HTML document footer"
25da854821579a18b64752a27427480635c4f57773aebdec19f55beb2a5efedb,800857,515,"HTML document header"
97fe0223942d421dd6b0fc5780630e8ef1048a7b5e0e950b85c43a238178100e,800857,514,"HTML document footer"
97fe0223942d421dd6b0fc5780630e8ef1048a7b5e0e950b85c43a238178100e,800857,514,"HTML document header"
